<?xml version="1.0" encoding="UTF-8"?>
<!DOCTYPE svg PUBLIC "-//W3C//DTD SVG 1.1//EN" "http://www.w3.org/Graphics/SVG/1.1/DTD/svg11.dtd">
<svg xmlns="http://www.w3.org/2000/svg" version="1.1" width="500px" height="500px" style="shape-rendering:geometricPrecision; text-rendering:geometricPrecision; image-rendering:optimizeQuality; fill-rule:evenodd; clip-rule:evenodd" xmlns:xlink="http://www.w3.org/1999/xlink">
<g><path style="opacity:0.909" fill="#d9d9d9" d="M 263.5,73.5 C 266.85,73.335 270.183,73.5017 273.5,74C 277.929,78.2166 277.262,81.3833 271.5,83.5C 268.891,82.7695 266.224,82.2695 263.5,82C 260.899,79.1705 260.899,76.3371 263.5,73.5 Z"/></g>
<g><path style="opacity:0.933" fill="#d4d4d4" d="M 234.5,73.5 C 239.569,74.951 240.569,77.7843 237.5,82C 234.376,83.0865 232.043,82.2532 230.5,79.5C 230.866,76.7441 232.2,74.7441 234.5,73.5 Z"/></g>
<g><path style="opacity:0.98" fill="#e2e2e2" d="M 218.5,75.5 C 221.187,75.3359 223.854,75.5026 226.5,76C 227.435,78.3806 227.768,80.8806 227.5,83.5C 168.519,95.4891 125.852,128.489 99.5,182.5C 92.7853,184.407 90.6187,182.073 93,175.5C 119.589,122.965 161.422,89.6314 218.5,75.5 Z"/></g>
<g><path style="opacity:0.792" fill="#d0d0d0" d="M 267.5,89.5 C 273.488,89.664 274.821,92.164 271.5,97C 268.109,97.9711 265.776,96.8045 264.5,93.5C 265.172,91.8405 266.172,90.5072 267.5,89.5 Z"/></g>
<g><path style="opacity:0.031" fill="#363636" d="M 284.5,90.5 C 285.065,93.305 286.065,95.9717 287.5,98.5C 286.5,98.5 285.5,98.5 284.5,98.5C 284.5,95.8333 284.5,93.1667 284.5,90.5 Z"/></g>
<g><path style="opacity:0.812" fill="#848484" d="M 232.5,89.5 C 235.646,89.7944 236.813,91.461 236,94.5C 234.301,95.4061 232.467,95.7394 230.5,95.5C 230.253,93.1417 230.919,91.1417 232.5,89.5 Z"/></g>
<g><path style="opacity:0.548" fill="#8d8d8d" d="M 292.5,93.5 C 296.161,93.3501 297.161,94.8501 295.5,98C 294.551,98.6172 293.718,98.4506 293,97.5C 292.51,96.2068 292.343,94.8734 292.5,93.5 Z"/></g>
<g><path style="opacity:0.62" fill="#a3a6a7" d="M 207.5,94.5 C 208.873,94.3433 210.207,94.51 211.5,95C 212.451,95.7175 212.617,96.5509 212,97.5C 210.506,98.7472 209.006,98.7472 207.5,97.5C 206.209,96.4728 206.209,95.4728 207.5,94.5 Z"/></g>
<g><path style="opacity:0.932" fill="#f5f5f4" d="M 203.5,101.5 C 205.964,102.512 207.631,104.345 208.5,107C 204.848,107.499 201.182,107.665 197.5,107.5C 197.5,105.5 197.5,103.5 197.5,101.5C 199.297,101.065 201.297,101.065 203.5,101.5 Z"/></g>
<g><path style="opacity:0.95" fill="#d5d5d5" d="M 248.5,89.5 C 257.511,89.3407 261.344,93.6741 260,102.5C 257.232,108.172 252.732,110.006 246.5,108C 242.012,104.625 240.512,100.125 242,94.5C 243.805,92.1743 245.972,90.5077 248.5,89.5 Z M 249.5,95.5 C 253.06,94.8914 255.06,96.3914 255.5,100C 253.928,102.828 251.594,103.828 248.5,103C 245.709,100.016 246.042,97.5156 249.5,95.5 Z"/></g>
<g><path style="opacity:0.996" fill="#dfdfe0" d="M 284.5,90.5 C 284.5,93.1667 284.5,95.8333 284.5,98.5C 285.5,98.5 286.5,98.5 287.5,98.5C 291.658,102.587 291.325,106.42 286.5,110C 280.671,111.82 277.005,109.82 275.5,104C 276.365,101.102 277.865,98.6017 280,96.5C 280.333,94.1667 280.667,91.8333 281,89.5C 282.756,88.015 283.923,88.3484 284.5,90.5 Z"/></g>
<g><path style="opacity:1" fill="#b2b4b3" d="M 184.5,101.5 C 190.978,100.3 192.978,102.634 190.5,108.5C 186.774,108.823 183.107,108.489 179.5,107.5C 181.19,105.481 182.856,103.481 184.5,101.5 Z"/></g>
<g><path style="opacity:0.797" fill="#c8c8c8" d="M 229.5,103.5 C 232.167,103.5 234.833,103.5 237.5,103.5C 237.5,105.167 237.5,106.833 237.5,108.5C 234.5,108.5 231.5,108.5 228.5,108.5C 228.366,106.708 228.699,105.042 229.5,103.5 Z"/></g>
<g><path style="opacity:1" fill="#e2e5e3" d="M 302.5,102.5 C 303.15,104.435 303.483,106.435 303.5,108.5C 301.989,110.441 299.989,110.941 297.5,110C 294.395,105.87 295.228,102.704 300,100.5C 300.995,101.066 301.828,101.733 302.5,102.5 Z"/></g>
<g><path style="opacity:0.684" fill="#969a99" d="M 302.5,102.5 C 309.421,103.297 316.421,103.797 323.5,104C 325.641,105.308 327.641,106.808 329.5,108.5C 327.225,112.168 324.725,112.168 322,108.5C 316.044,108.584 309.877,108.584 303.5,108.5C 303.483,106.435 303.15,104.435 302.5,102.5 Z"/></g>
<g><path style="opacity:0.365" fill="#a8a8a7" d="M 197.5,101.5 C 197.5,103.5 197.5,105.5 197.5,107.5C 201.182,107.665 204.848,107.499 208.5,107C 207.631,104.345 205.964,102.512 203.5,101.5C 207.244,101.871 210.244,103.538 212.5,106.5C 212.291,107.086 211.957,107.586 211.5,108C 206.467,108.829 201.467,108.662 196.5,107.5C 196.291,106.914 195.957,106.414 195.5,106C 196.099,104.378 196.766,102.878 197.5,101.5 Z"/></g>
<g><path style="opacity:0.827" fill="#9c9e9d" d="M 266.5,104.5 C 268.384,104.712 269.717,105.712 270.5,107.5C 268.833,109.167 267.167,110.833 265.5,112.5C 263.802,113.681 262.135,113.681 260.5,112.5C 262.509,109.804 264.509,107.137 266.5,104.5 Z"/></g>
<g><path style="opacity:0.885" fill="#c4c5c4" d="M 218.5,89.5 C 220.39,89.2965 221.89,89.9632 223,91.5C 223.809,97.7489 223.642,103.916 222.5,110C 223.13,111.892 224.13,113.559 225.5,115C 231.491,115.499 237.491,115.666 243.5,115.5C 243.5,117.167 243.5,118.833 243.5,120.5C 238.151,120.855 232.818,121.022 227.5,121C 224.098,120.799 221.432,119.299 219.5,116.5C 217.235,107.589 216.901,98.5893 218.5,89.5 Z"/></g>
<g><path style="opacity:0.989" fill="#cacbca" d="M 250.5,113.5 C 255.501,112.671 257.668,114.671 257,119.5C 250.684,122.356 248.518,120.356 250.5,113.5 Z"/></g>
<g><path style="opacity:0.913" fill="#c9c9c9" d="M 333.5,112.5 C 337.459,111.578 339.792,113.078 340.5,117C 338.715,121.653 335.881,122.487 332,119.5C 331.167,116.829 331.667,114.496 333.5,112.5 Z"/></g>
<g><path style="opacity:0.983" fill="#e2e2e2" d="M 280.5,75.5 C 341.023,86.5129 385.19,119.513 413,174.5C 414.25,177.077 414.584,179.743 414,182.5C 411.521,185.093 409.021,185.093 406.5,182.5C 381.125,128.955 339.458,96.1217 281.5,84C 280.01,83.2545 279.01,82.0879 278.5,80.5C 279.187,78.8228 279.854,77.1561 280.5,75.5 Z"/></g>
<g><path style="opacity:0.975" fill="#dbdbdb" d="M 281.5,111.5 C 289.483,112.634 291.483,116.801 287.5,124C 277.939,126.11 274.773,122.61 278,113.5C 279.302,112.915 280.469,112.249 281.5,111.5 Z"/></g>
<g><path style="opacity:0.978" fill="#d0d2d2" d="M 214.5,140.5 C 214.756,142.776 216.09,143.943 218.5,144C 216.975,145.009 215.308,145.509 213.5,145.5C 211.112,144.781 209.612,143.115 209,140.5C 208.501,135.845 208.334,131.179 208.5,126.5C 207.022,126.238 205.689,126.571 204.5,127.5C 203.302,131.199 201.135,134.199 198,136.5C 197.329,135.748 196.496,135.414 195.5,135.5C 192.794,135.425 190.127,135.092 187.5,134.5C 184.05,132.937 182.05,130.27 181.5,126.5C 180.081,125.549 178.415,125.216 176.5,125.5C 175.115,124.053 175.448,123.053 177.5,122.5C 180.766,122.567 182.266,120.901 182,117.5C 186.606,111.587 192.439,110.087 199.5,113C 202.069,116.012 204.736,118.846 207.5,121.5C 207.707,117.448 209.707,115.948 213.5,117C 214.482,124.747 214.815,132.58 214.5,140.5 Z M 187.5,121.5 C 190.654,115.685 194.321,115.351 198.5,120.5C 200.694,123.405 200.361,126.238 197.5,129C 193.612,131.223 190.112,130.723 187,127.5C 186.322,125.402 186.489,123.402 187.5,121.5 Z"/></g>
<g><path style="opacity:0.082" fill="#a4a9a6" d="M 190.5,120.5 C 194.419,119.746 195.753,121.08 194.5,124.5C 193.205,123.902 191.872,123.402 190.5,123C 189.402,122.23 189.402,121.397 190.5,120.5 Z"/></g>
<g><path style="opacity:0.998" fill="#f6f6f6" d="M 308.5,118.5 C 311.336,119.998 314.336,120.331 317.5,119.5C 319.23,120.026 320.564,121.026 321.5,122.5C 320.091,122.822 318.591,123.822 317,125.5C 313.342,122.89 310.509,123.724 308.5,128C 309.294,130.024 308.961,132.024 307.5,134C 309.061,134.318 310.228,135.151 311,136.5C 312.113,135.289 313.28,135.289 314.5,136.5C 315.82,134.73 317.32,134.397 319,135.5C 317.628,137.198 316.462,139.198 315.5,141.5C 313.833,141.5 312.167,141.5 310.5,141.5C 310.158,140.662 309.492,140.328 308.5,140.5C 304.76,139.092 302.427,136.425 301.5,132.5C 302.468,130.393 302.802,128.059 302.5,125.5C 303.412,122.253 305.412,119.92 308.5,118.5 Z"/></g>
<g><path style="opacity:0.933" fill="#d1d2d1" d="M 344.5,124.5 C 362.911,123.744 370.411,132.411 367,150.5C 361.177,159.886 353.011,162.719 342.5,159C 333.114,153.177 330.281,145.011 334,134.5C 336.106,129.557 339.606,126.224 344.5,124.5 Z M 346.5,129.5 C 356.392,128.77 362.058,133.27 363.5,143C 363.012,148.888 361.345,149.555 358.5,145C 356.866,144.506 355.199,144.34 353.5,144.5C 353.657,143.127 353.49,141.793 353,140.5C 349.243,138.417 345.743,135.917 342.5,133C 343.731,131.595 345.064,130.429 346.5,129.5 Z M 338.5,137.5 C 341.767,139.427 344.767,141.761 347.5,144.5C 349.833,145.167 352.167,145.833 354.5,146.5C 355.973,148.395 357.64,150.061 359.5,151.5C 350.55,157.786 343.384,156.119 338,146.5C 337.366,143.445 337.532,140.445 338.5,137.5 Z"/></g>
<g><path style="opacity:0.903" fill="#d4d5d4" d="M 270.5,131.5 C 261.833,131.5 253.167,131.5 244.5,131.5C 244.5,129.833 244.5,128.167 244.5,126.5C 252.99,125.343 261.657,125.176 270.5,126C 271.752,127.828 271.752,129.661 270.5,131.5 Z"/></g>
<g><path style="opacity:0.024" fill="#323232" d="M 176.5,125.5 C 178.415,125.216 180.081,125.549 181.5,126.5C 180.167,126.5 178.833,126.5 177.5,126.5C 177.768,128.099 177.434,129.432 176.5,130.5C 176.5,128.833 176.5,127.167 176.5,125.5 Z"/></g>
<g><path style="opacity:0.91" fill="#a6a9a8" d="M 177.5,122.5 C 175.448,123.053 175.115,124.053 176.5,125.5C 176.5,127.167 176.5,128.833 176.5,130.5C 174.833,130.5 173.167,130.5 171.5,130.5C 171.852,127.927 171.352,125.594 170,123.5C 166.712,123.658 163.212,123.658 159.5,123.5C 159.5,122.167 159.5,120.833 159.5,119.5C 163.182,119.665 166.848,119.499 170.5,119C 175.33,115.005 177.663,116.172 177.5,122.5 Z"/></g>
<g><path style="opacity:0.471" fill="#c0c3c4" d="M 300.5,130.5 C 300.5,130.833 300.5,131.167 300.5,131.5C 299.791,132.404 298.791,132.737 297.5,132.5C 297.5,130.5 297.5,128.5 297.5,126.5C 298.5,126.5 299.5,126.5 300.5,126.5C 300.5,127.833 300.5,129.167 300.5,130.5 Z"/></g>
<g><path style="opacity:0.615" fill="#7e7e7e" d="M 224.5,128.5 C 226.913,129.68 227.913,131.68 227.5,134.5C 222.331,134.458 221.331,132.458 224.5,128.5 Z"/></g>
<g><path style="opacity:0.145" fill="#393a3b" d="M 302.5,125.5 C 302.802,128.059 302.468,130.393 301.5,132.5C 301.5,131.833 301.167,131.5 300.5,131.5C 300.5,131.167 300.5,130.833 300.5,130.5C 301.167,128.833 301.833,127.167 302.5,125.5 Z"/></g>
<g><path style="opacity:0.163" fill="#828585" d="M 325.5,126.5 C 326.833,126.5 328.167,126.5 329.5,126.5C 329.5,128.5 329.5,130.5 329.5,132.5C 327.708,132.366 326.042,132.699 324.5,133.5C 324.298,131.05 324.631,128.717 325.5,126.5 Z"/></g>
<g><path style="opacity:0.808" fill="#acafae" d="M 279.5,128.5 C 283.182,128.335 286.848,128.501 290.5,129C 291.38,130.356 291.714,131.856 291.5,133.5C 287.167,133.5 282.833,133.5 278.5,133.5C 278.366,131.708 278.699,130.042 279.5,128.5 Z"/></g>
<g><path style="opacity:0.995" fill="#f0f0f0" d="M 166.5,135.5 C 168.951,145.107 165.951,152.107 157.5,156.5C 156.5,156.5 155.5,156.5 154.5,156.5C 154.806,153.615 154.473,150.948 153.5,148.5C 152.549,147.081 152.216,145.415 152.5,143.5C 148.833,143.5 145.167,143.5 141.5,143.5C 139.938,143.267 138.605,142.6 137.5,141.5C 138.082,135.186 141.415,131.019 147.5,129C 155.464,126.776 161.798,128.943 166.5,135.5 Z"/></g>
<g><path style="opacity:0.99" fill="#dadcdc" d="M 325.5,126.5 C 324.631,128.717 324.298,131.05 324.5,133.5C 323.647,137.191 321.48,139.858 318,141.5C 317.51,142.793 317.343,144.127 317.5,145.5C 314.833,145.5 312.167,145.5 309.5,145.5C 309.634,143.708 309.301,142.042 308.5,140.5C 309.492,140.328 310.158,140.662 310.5,141.5C 312.167,142.833 313.833,142.833 315.5,141.5C 316.462,139.198 317.628,137.198 319,135.5C 317.32,134.397 315.82,134.73 314.5,136.5C 313.28,135.289 312.113,135.289 311,136.5C 310.228,135.151 309.061,134.318 307.5,134C 308.961,132.024 309.294,130.024 308.5,128C 310.509,123.724 313.342,122.89 317,125.5C 318.591,123.822 320.091,122.822 321.5,122.5C 320.564,121.026 319.23,120.026 317.5,119.5C 314.336,120.331 311.336,119.998 308.5,118.5C 309.115,113.848 311.781,112.348 316.5,114C 317.711,115.113 317.711,116.28 316.5,117.5C 321.057,118.953 324.057,121.953 325.5,126.5 Z"/></g>
<g><path style="opacity:0.004" fill="#1b1e1a" d="M 187.5,134.5 C 190.127,135.092 192.794,135.425 195.5,135.5C 193.972,136.309 192.306,136.976 190.5,137.5C 190.167,137.5 189.833,137.5 189.5,137.5C 189.218,136.222 188.551,135.222 187.5,134.5 Z"/></g>
<g><path style="opacity:0.988" fill="#b1b4b3" d="M 189.5,137.5 C 189.833,137.5 190.167,137.5 190.5,137.5C 190.5,140.167 190.5,142.833 190.5,145.5C 179.392,147.372 177.725,144.872 185.5,138C 186.793,137.51 188.127,137.343 189.5,137.5 Z"/></g>
<g><path style="opacity:0.937" fill="#d0d1d0" d="M 243.5,138.5 C 254.838,138.333 266.172,138.5 277.5,139C 278.423,141.041 278.756,143.208 278.5,145.5C 266.829,145.667 255.162,145.5 243.5,145C 238.352,142.878 238.352,140.711 243.5,138.5 Z"/></g>
<g><path style="opacity:0.915" fill="#818382" d="M 244.5,126.5 C 244.5,128.167 244.5,129.833 244.5,131.5C 253.167,131.5 261.833,131.5 270.5,131.5C 260.341,132.33 250.008,132.83 239.5,133C 237.951,134.214 236.785,135.714 236,137.5C 235.97,145.997 235.303,154.33 234,162.5C 231.901,160.513 230.734,158.013 230.5,155C 231.713,150.851 231.713,146.684 230.5,142.5C 230.596,133.075 235.263,127.742 244.5,126.5 Z"/></g>
<g><path style="opacity:0.922" fill="#c8c8c8" d="M 286.5,138.5 C 293.768,139.812 294.268,142.479 288,146.5C 283.999,144.496 283.499,141.829 286.5,138.5 Z"/></g>
<g><path style="opacity:0.969" fill="#abadad" d="M 195.5,137.5 C 200.82,137.048 204.486,139.381 206.5,144.5C 202.893,145.489 199.226,145.823 195.5,145.5C 195.5,142.833 195.5,140.167 195.5,137.5 Z"/></g>
<g><path style="opacity:0.91" fill="#959796" d="M 214.5,140.5 C 217.189,142.11 220.189,142.943 223.5,143C 229.124,147.842 230.957,154.008 229,161.5C 227.701,161.966 226.201,161.966 224.5,161.5C 227.291,152.037 223.957,147.204 214.5,147C 213.944,146.617 213.611,146.117 213.5,145.5C 215.308,145.509 216.975,145.009 218.5,144C 216.09,143.943 214.756,142.776 214.5,140.5 Z"/></g>
<g><path style="opacity:0.884" fill="#a6a6a6" d="M 268.5,151.5 C 267.244,151.461 266.244,151.961 265.5,153C 269.44,155.696 269.107,157.363 264.5,158C 263.641,153.755 262.641,153.589 261.5,157.5C 262.412,160.3 264.412,161.633 267.5,161.5C 263.032,163.086 260.699,161.42 260.5,156.5C 261.243,151.388 263.909,149.721 268.5,151.5 Z"/></g>
<g><path style="opacity:0.98" fill="#757776" d="M 166.5,135.5 C 171.223,143.682 170.223,151.182 163.5,158C 161.091,159.707 158.425,160.54 155.5,160.5C 155.196,159.85 154.863,159.183 154.5,158.5C 155.602,157.824 156.602,157.158 157.5,156.5C 165.951,152.107 168.951,145.107 166.5,135.5 Z"/></g>
<g><path style="opacity:0.986" fill="#c8c8c8" d="M 374.5,150.5 C 379.709,150.369 381.375,152.703 379.5,157.5C 374.048,159.1 372.381,156.767 374.5,150.5 Z"/></g>
<g><path style="opacity:1" fill="#595a5b" d="M 172.5,152.5 C 176.976,152.8 178.31,154.967 176.5,159C 170.738,159.418 169.404,157.251 172.5,152.5 Z"/></g>
<g><path style="opacity:0.959" fill="#c3c4c3" d="M 213.5,151.5 C 218.713,154.391 218.713,157.058 213.5,159.5C 209.927,159.573 208.76,157.906 210,154.5C 210.985,153.186 212.152,152.186 213.5,151.5 Z"/></g>
<g><path style="opacity:0.8" fill="#c4c7c6" d="M 247.5,150.5 C 253.82,150.32 256.32,153.32 255,159.5C 250.974,163.631 247.307,163.298 244,158.5C 243.333,157.167 243.333,155.833 244,154.5C 245.102,153.051 246.269,151.718 247.5,150.5 Z"/></g>
<g><path style="opacity:0.922" fill="#d8d9d8" d="M 307.5,154.5 C 306.521,161.122 305.521,161.122 304.5,154.5C 303.893,154.624 303.56,154.957 303.5,155.5C 302.167,155.5 301.5,156.167 301.5,157.5C 302.263,158.268 303.263,158.768 304.5,159C 303.167,159.667 303.167,160.333 304.5,161C 303.207,161.49 301.873,161.657 300.5,161.5C 294.742,156.577 295.575,152.91 303,150.5C 305.616,150.617 307.116,151.95 307.5,154.5 Z M 303.5,155.5 C 303.5,156.833 302.833,157.5 301.5,157.5C 301.5,156.167 302.167,155.5 303.5,155.5 Z"/></g>
<g><path style="opacity:0.942" fill="#cbcdcc" d="M 318.5,150.5 C 327.526,151.437 329.193,155.27 323.5,162C 318.623,163.394 315.957,161.561 315.5,156.5C 315.984,154.199 316.984,152.199 318.5,150.5 Z M 320.5,154.5 C 322.625,155.368 322.791,156.368 321,157.5C 319.317,156.824 319.15,155.824 320.5,154.5 Z"/></g>
<g><path style="opacity:0.893" fill="#e6e7e6" d="M 268.5,151.5 C 272.691,155.376 272.358,158.709 267.5,161.5C 264.412,161.633 262.412,160.3 261.5,157.5C 262.641,153.589 263.641,153.755 264.5,158C 269.107,157.363 269.44,155.696 265.5,153C 266.244,151.961 267.244,151.461 268.5,151.5 Z"/></g>
<g><path style="opacity:0.992" fill="#d3d3d3" d="M 126.5,150.5 C 129.937,151.244 132.603,153.244 134.5,156.5C 130.713,164.244 126.713,164.41 122.5,157C 124.085,154.931 125.419,152.764 126.5,150.5 Z"/></g>
<g><path style="opacity:0.973" fill="#d0d3d2" d="M 185.5,152.5 C 188.864,151.789 191.197,152.956 192.5,156C 189.482,161.975 186.482,161.975 183.5,156C 183.978,154.697 184.645,153.531 185.5,152.5 Z"/></g>
<g><path style="opacity:0.827" fill="#979999" d="M 137.5,141.5 C 138.605,142.6 139.938,143.267 141.5,143.5C 141.464,151.428 145.464,155.428 153.5,155.5C 153.5,153.167 153.5,150.833 153.5,148.5C 154.473,150.948 154.806,153.615 154.5,156.5C 155.5,156.5 156.5,156.5 157.5,156.5C 156.602,157.158 155.602,157.824 154.5,158.5C 154.863,159.183 155.196,159.85 155.5,160.5C 147.57,161.951 141.737,158.951 138,151.5C 137.502,148.183 137.335,144.85 137.5,141.5 Z"/></g>
<g><path style="opacity:0.439" fill="#616161" d="M 198.5,152.5 C 201.833,151.833 203.833,153.167 204.5,156.5C 202.992,159.418 200.825,160.084 198,158.5C 197.322,156.402 197.489,154.402 198.5,152.5 Z"/></g>
<g><path style="opacity:0.988" fill="#cccecd" d="M 288.5,160.5 C 286.194,160.993 283.861,161.326 281.5,161.5C 280.504,161.586 279.671,161.252 279,160.5C 278.182,157.773 278.348,155.106 279.5,152.5C 282.995,149.632 286.162,149.965 289,153.5C 289.703,155.929 289.537,158.262 288.5,160.5 Z"/></g>
<g><path style="opacity:0.945" fill="#939594" d="M 307.5,154.5 C 308.934,158.623 307.434,161.289 303,162.5C 301.93,162.472 301.097,162.139 300.5,161.5C 301.873,161.657 303.207,161.49 304.5,161C 303.167,160.333 303.167,159.667 304.5,159C 303.263,158.768 302.263,158.268 301.5,157.5C 302.833,157.5 303.5,156.833 303.5,155.5C 303.56,154.957 303.893,154.624 304.5,154.5C 305.521,161.122 306.521,161.122 307.5,154.5 Z"/></g>
<g><path style="opacity:0.039" fill="#2a2a2a" d="M 288.5,160.5 C 286.345,162.534 284.012,162.867 281.5,161.5C 283.861,161.326 286.194,160.993 288.5,160.5 Z"/></g>
<g><path style="opacity:0.981" fill="#f5f5f6" d="M 364.5,163.5 C 373.167,163.5 381.833,163.5 390.5,163.5C 390.567,164.959 390.234,166.292 389.5,167.5C 381.391,168.114 373.558,167.447 366,165.5C 364.732,165.616 363.398,165.949 362,166.5C 361.5,166 361,165.5 360.5,165C 362.058,164.79 363.391,164.29 364.5,163.5 Z"/></g>
<g><path style="opacity:0.89" fill="#a1a2a2" d="M 364.5,163.5 C 363.391,164.29 362.058,164.79 360.5,165C 361,165.5 361.5,166 362,166.5C 363.398,165.949 364.732,165.616 366,165.5C 373.558,167.447 381.391,168.114 389.5,167.5C 381.01,168.33 372.343,168.83 363.5,169C 359.138,169.692 356.304,172.192 355,176.5C 354.333,185.833 354.333,195.167 355,204.5C 356.19,207.2 358.023,209.367 360.5,211C 376.672,211.169 392.672,211.669 408.5,212.5C 392.163,212.333 375.83,212.5 359.5,213C 360.634,214.016 360.301,214.683 358.5,215C 375.118,216.425 391.785,216.925 408.5,216.5C 393.005,217.661 377.339,217.828 361.5,217C 354.616,215.067 350.616,210.567 349.5,203.5C 350.833,203.5 352.167,203.5 353.5,203.5C 353.666,193.828 353.5,184.161 353,174.5C 352.23,175.598 351.397,175.598 350.5,174.5C 352.556,167.465 357.223,163.798 364.5,163.5 Z"/></g>
<g><path style="opacity:0.831" fill="#c9c9c9" d="M 117.5,164.5 C 123.499,164.002 125.666,166.669 124,172.5C 119.869,176.521 116.702,175.854 114.5,170.5C 114.467,167.898 115.467,165.898 117.5,164.5 Z"/></g>
<g><path style="opacity:0.841" fill="#c0c0c0" d="M 133.5,165.5 C 136.352,165.352 138.019,166.686 138.5,169.5C 136.108,174.736 133.442,174.736 130.5,169.5C 131.524,168.148 132.524,166.815 133.5,165.5 Z"/></g>
<g><path style="opacity:0.976" fill="#bbb9ba" d="M 156.5,174.5 C 155.292,173.766 153.959,173.433 152.5,173.5C 152.5,174.5 152.5,175.5 152.5,176.5C 150.47,173.818 147.803,172.151 144.5,171.5C 144.196,168.767 145.363,167.101 148,166.5C 152.658,167.327 155.492,169.994 156.5,174.5 Z"/></g>
<g><path style="opacity:0.278" fill="#737473" d="M 322.5,168.5 C 325.084,169.048 326.084,170.715 325.5,173.5C 320.516,173.856 319.516,172.189 322.5,168.5 Z"/></g>
<g><path style="opacity:0.907" fill="#c9cccd" d="M 168.5,163.5 C 174.372,165.1 176.039,168.766 173.5,174.5C 170.229,177.055 166.895,177.055 163.5,174.5C 161.161,168.85 162.828,165.183 168.5,163.5 Z"/></g>
<g><path style="opacity:1" fill="#f7f7f6" d="M 214.5,167.5 C 215.154,185.931 215.821,204.265 216.5,222.5C 223.41,217.096 229.91,211.096 236,204.5C 239.966,182.538 253.133,170.038 275.5,167C 307.044,165.063 325.378,179.563 330.5,210.5C 330.582,217.858 330.248,225.191 329.5,232.5C 326.601,247.299 319.767,259.966 309,270.5C 301.667,278.5 294,286.167 286,293.5C 285.472,294.816 285.972,295.483 287.5,295.5C 299.989,296.495 312.656,296.829 325.5,296.5C 325.5,306.833 325.5,317.167 325.5,327.5C 296.5,327.5 267.5,327.5 238.5,327.5C 238.5,316.833 238.5,306.167 238.5,295.5C 240.294,293.203 242.294,291.037 244.5,289C 235.478,279.262 226.645,269.428 218,259.5C 217.722,260.416 217.222,261.082 216.5,261.5C 215.503,283.327 215.169,305.327 215.5,327.5C 205.167,327.5 194.833,327.5 184.5,327.5C 184.5,274.167 184.5,220.833 184.5,167.5C 194.32,167.413 204.32,167.413 214.5,167.5 Z M 279.5,201.5 C 290.77,202.104 296.77,208.104 297.5,219.5C 296.825,226.878 294.325,233.545 290,239.5C 283.35,247.317 276.183,254.65 268.5,261.5C 260.58,254.083 253.58,245.916 247.5,237C 254.018,229.982 260.685,223.149 267.5,216.5C 268.244,215.009 268.91,213.509 269.5,212C 269.167,211.667 268.833,211.333 268.5,211C 271.12,206.541 274.787,203.374 279.5,201.5 Z"/></g>
<g><path style="opacity:0.837" fill="#e6e6e6" d="M 156.5,174.5 C 157.188,186.487 157.855,198.487 158.5,210.5C 158.052,212.465 157.052,212.798 155.5,211.5C 156.609,210.035 156.109,209.035 154,208.5C 153.536,209.094 153.369,209.761 153.5,210.5C 152.751,209.469 152.085,208.302 151.5,207C 152.486,196.916 152.819,186.749 152.5,176.5C 152.5,175.5 152.5,174.5 152.5,173.5C 153.959,173.433 155.292,173.766 156.5,174.5 Z"/></g>
<g><path style="opacity:0.976" fill="#d9dad9" d="M 385.5,204.5 C 387.25,203.527 388.75,202.193 390,200.5C 390.667,201.167 391.333,201.833 392,202.5C 392.5,193.173 392.666,183.839 392.5,174.5C 386.463,174.171 380.463,174.504 374.5,175.5C 374.291,176.086 373.957,176.586 373.5,177C 374.416,177.278 375.082,177.778 375.5,178.5C 374.761,178.369 374.094,178.536 373.5,179C 373.974,180.729 374.974,181.895 376.5,182.5C 377.496,182.414 378.329,182.748 379,183.5C 379.464,182.906 379.631,182.239 379.5,181.5C 380.338,181.158 380.672,180.492 380.5,179.5C 384.234,179.018 387.067,180.351 389,183.5C 389.914,182.346 390.747,182.513 391.5,184C 391,184.5 390.5,185 390,185.5C 389.501,190.155 389.334,194.821 389.5,199.5C 384.125,199.828 378.792,199.495 373.5,198.5C 372.012,196.114 372.345,195.448 374.5,196.5C 378.715,198.436 383.381,199.103 388.5,198.5C 389.412,192.576 388.245,187.242 385,182.5C 385.995,186.225 385.661,189.892 384,193.5C 381.162,196.24 377.995,196.906 374.5,195.5C 374.591,193.302 373.925,192.969 372.5,194.5C 372.665,191.482 372.498,188.482 372,185.5C 370.989,184.663 369.822,184.33 368.5,184.5C 368.5,187.5 368.5,190.5 368.5,193.5C 369.791,193.263 370.791,193.596 371.5,194.5C 369.654,194.222 368.32,194.889 367.5,196.5C 368.833,198.5 370.167,200.5 371.5,202.5C 371.137,203.183 370.804,203.85 370.5,204.5C 367.985,205.261 365.485,204.927 363,203.5C 362.333,194.167 362.333,184.833 363,175.5C 364.242,174.128 365.742,173.128 367.5,172.5C 376.112,173.471 384.779,173.804 393.5,173.5C 393.666,183.506 393.5,193.506 393,203.5C 390.755,205.792 388.255,206.125 385.5,204.5 Z M 379.5,181.5 C 379.631,182.239 379.464,182.906 379,183.5C 378.329,182.748 377.496,182.414 376.5,182.5C 374.863,180.876 375.197,179.876 377.5,179.5C 378.713,179.747 379.38,180.414 379.5,181.5 Z M 374.5,196.5 C 374.5,196.167 374.5,195.833 374.5,195.5C 377.995,196.906 381.162,196.24 384,193.5C 385.661,189.892 385.995,186.225 385,182.5C 388.245,187.242 389.412,192.576 388.5,198.5C 383.381,199.103 378.715,198.436 374.5,196.5 Z M 372.5,194.5 C 372.167,194.5 371.833,194.5 371.5,194.5C 370.791,193.596 369.791,193.263 368.5,193.5C 368.5,190.5 368.5,187.5 368.5,184.5C 369.822,184.33 370.989,184.663 372,185.5C 372.498,188.482 372.665,191.482 372.5,194.5 Z"/></g>
<g><path style="opacity:0.977" fill="#f8f9f8" d="M 385.5,204.5 C 380.5,204.5 375.5,204.5 370.5,204.5C 370.804,203.85 371.137,203.183 371.5,202.5C 370.167,200.5 368.833,198.5 367.5,196.5C 368.32,194.889 369.654,194.222 371.5,194.5C 371.833,194.5 372.167,194.5 372.5,194.5C 373.925,192.969 374.591,193.302 374.5,195.5C 374.5,195.833 374.5,196.167 374.5,196.5C 372.345,195.448 372.012,196.114 373.5,198.5C 378.792,199.495 384.125,199.828 389.5,199.5C 389.334,194.821 389.501,190.155 390,185.5C 390.5,185 391,184.5 391.5,184C 390.747,182.513 389.914,182.346 389,183.5C 387.067,180.351 384.234,179.018 380.5,179.5C 379.081,178.549 377.415,178.216 375.5,178.5C 375.082,177.778 374.416,177.278 373.5,177C 373.957,176.586 374.291,176.086 374.5,175.5C 380.463,174.504 386.463,174.171 392.5,174.5C 392.666,183.839 392.5,193.173 392,202.5C 391.333,201.833 390.667,201.167 390,200.5C 388.75,202.193 387.25,203.527 385.5,204.5 Z"/></g>
<g><path style="opacity:0.671" fill="#9e9e9e" d="M 142.5,178.5 C 147.041,178.815 148.041,180.649 145.5,184C 144.216,184.684 143.049,184.517 142,183.5C 141.616,181.803 141.782,180.137 142.5,178.5 Z"/></g>
<g><path style="opacity:0.957" fill="#eeedee" d="M 350.5,174.5 C 351.397,175.598 352.23,175.598 353,174.5C 353.5,184.161 353.666,193.828 353.5,203.5C 352.167,203.5 350.833,203.5 349.5,203.5C 349.173,193.652 349.506,183.986 350.5,174.5 Z"/></g>
<g><path style="opacity:0.702" fill="#616261" d="M 375.5,178.5 C 377.415,178.216 379.081,178.549 380.5,179.5C 380.672,180.492 380.338,181.158 379.5,181.5C 379.38,180.414 378.713,179.747 377.5,179.5C 375.197,179.876 374.863,180.876 376.5,182.5C 374.974,181.895 373.974,180.729 373.5,179C 374.094,178.536 374.761,178.369 375.5,178.5 Z"/></g>
<g><path style="opacity:0.997" fill="#dadada" d="M 163.5,181.5 C 166.85,181.335 170.183,181.502 173.5,182C 174.38,183.356 174.714,184.856 174.5,186.5C 170.833,186.5 167.167,186.5 163.5,186.5C 163.5,184.833 163.5,183.167 163.5,181.5 Z"/></g>
<g><path style="opacity:0.212" fill="#595a59" d="M 337.5,178.5 C 338.493,187.318 338.827,196.318 338.5,205.5C 339.5,205.5 340.5,205.5 341.5,205.5C 341.173,196.318 341.507,187.318 342.5,178.5C 342.5,187.833 342.5,197.167 342.5,206.5C 340.833,206.5 339.167,206.5 337.5,206.5C 337.5,197.167 337.5,187.833 337.5,178.5 Z"/></g>
<g><path style="opacity:0.849" fill="#c4c4c4" d="M 342.5,178.5 C 341.507,187.318 341.173,196.318 341.5,205.5C 340.5,205.5 339.5,205.5 338.5,205.5C 338.827,196.318 338.493,187.318 337.5,178.5C 334.449,176.619 333.783,173.952 335.5,170.5C 340.198,167.348 343.532,168.515 345.5,174C 344.947,175.878 343.947,177.378 342.5,178.5 Z"/></g>
<g><path style="opacity:0.112" fill="#656565" d="M 405.5,191.5 C 402.946,190.612 400.279,190.279 397.5,190.5C 397.5,191.5 397.5,192.5 397.5,193.5C 400.279,193.721 402.946,193.388 405.5,192.5C 403.012,194.388 400.012,195.055 396.5,194.5C 396.5,192.833 396.5,191.167 396.5,189.5C 400.012,188.945 403.012,189.612 405.5,191.5 Z"/></g>
<g><path style="opacity:0.974" fill="#d7d7d7" d="M 411.5,187.5 C 417.211,187.038 420.378,189.705 421,195.5C 421.549,198.923 422.382,202.256 423.5,205.5C 420.881,211.399 417.714,211.732 414,206.5C 413.083,201.33 411.583,196.33 409.5,191.5C 410.63,190.378 411.297,189.044 411.5,187.5 Z"/></g>
<g><path style="opacity:0.141" fill="#c1c1c1" d="M 184.5,167.5 C 184.5,220.833 184.5,274.167 184.5,327.5C 194.833,327.5 205.167,327.5 215.5,327.5C 215.169,305.327 215.503,283.327 216.5,261.5C 216.5,283.833 216.5,306.167 216.5,328.5C 205.5,328.5 194.5,328.5 183.5,328.5C 183.168,274.664 183.501,220.997 184.5,167.5 Z"/></g>
<g><path style="opacity:0.484" fill="#c6c6c5" d="M 214.5,167.5 C 216.487,185.47 217.154,203.803 216.5,222.5C 215.821,204.265 215.154,185.931 214.5,167.5 Z"/></g>
<g><path style="opacity:0.891" fill="#fbfafa" d="M 405.5,191.5 C 405.5,191.833 405.5,192.167 405.5,192.5C 402.946,193.388 400.279,193.721 397.5,193.5C 397.5,192.5 397.5,191.5 397.5,190.5C 400.279,190.279 402.946,190.612 405.5,191.5 Z"/></g>
<g><path style="opacity:0.114" fill="#4a4a4a" d="M 163.5,192.5 C 164.964,191.84 166.631,191.507 168.5,191.5C 170.64,191.556 172.306,192.223 173.5,193.5C 170.272,192.586 166.939,192.253 163.5,192.5 Z"/></g>
<g><path style="opacity:0.861" fill="#cdcdcd" d="M 163.5,192.5 C 166.939,192.253 170.272,192.586 173.5,193.5C 174.791,194.542 174.791,195.708 173.5,197C 170.183,197.498 166.85,197.665 163.5,197.5C 163.5,195.833 163.5,194.167 163.5,192.5 Z"/></g>
<g><path style="opacity:0.978" fill="#d6d6d6" d="M 139.5,191.5 C 141.5,191.5 143.5,191.5 145.5,191.5C 146.435,196.914 144.435,198.914 139.5,197.5C 138.306,195.484 138.306,193.484 139.5,191.5 Z"/></g>
<g><path style="opacity:0.947" fill="#dadada" d="M 89.5,186.5 C 91.2012,186.966 92.7012,186.966 94,186.5C 95.2208,187.774 96.0541,189.274 96.5,191C 94.6664,196.836 92.8331,202.669 91,208.5C 87.3038,211.085 84.4705,210.252 82.5,206C 83.7608,199.046 86.0941,192.546 89.5,186.5 Z"/></g>
<g><path style="opacity:0.867" fill="#9fa2a1" d="M 400.5,198.5 C 406.026,198.38 407.693,200.88 405.5,206C 399.809,206.484 398.143,203.984 400.5,198.5 Z"/></g>
<g><path style="opacity:0.896" fill="#d1d1d1" d="M 163.5,202.5 C 166.85,202.335 170.183,202.502 173.5,203C 175.013,205.454 174.346,207.121 171.5,208C 168.808,208.43 166.141,208.263 163.5,207.5C 163.5,205.833 163.5,204.167 163.5,202.5 Z"/></g>
<g><path style="opacity:0.18" fill="#4a4a4a" d="M 105.5,204.5 C 102.997,205.371 100.33,206.037 97.5,206.5C 97.6107,205.883 97.944,205.383 98.5,205C 100.81,204.503 103.143,204.337 105.5,204.5 Z"/></g>
<g><path style="opacity:0.945" fill="#ced0d0" d="M 137.5,214.5 C 136.319,212.933 134.653,212.099 132.5,212C 131.045,207.401 132.211,206.568 136,209.5C 136.49,208.207 136.657,206.873 136.5,205.5C 130.095,204.406 127.762,207.073 129.5,213.5C 127.454,207.597 123.621,202.93 118,199.5C 112.394,202.759 108.727,207.425 107,213.5C 104.029,217.092 100.696,217.425 97,214.5C 96.1993,211.633 96.3659,208.966 97.5,206.5C 100.33,206.037 102.997,205.371 105.5,204.5C 108.478,201.187 111.478,197.853 114.5,194.5C 112.631,190.795 109.631,188.961 105.5,189C 104.667,188.167 103.833,187.333 103,186.5C 101.917,183.733 102.75,181.233 105.5,179C 108.195,178.746 110.695,178.579 113,178.5C 114.432,181.002 114.598,183.502 113.5,186C 114.693,188.027 116.36,189.527 118.5,190.5C 122.954,187.986 125.287,184.153 125.5,179C 133.871,177.202 136.871,180.369 134.5,188.5C 132.248,189.333 130.081,189.333 128,188.5C 125.982,190.35 124.149,192.35 122.5,194.5C 126.162,200.841 131.495,204.841 138.5,206.5C 138.833,207.833 139.167,209.167 139.5,210.5C 139.415,212.333 138.748,213.666 137.5,214.5 Z"/></g>
<g><path style="opacity:0.932" fill="#dee0e0" d="M 137.5,214.5 C 134.526,217.309 131.859,216.976 129.5,213.5C 127.762,207.073 130.095,204.406 136.5,205.5C 136.657,206.873 136.49,208.207 136,209.5C 132.211,206.568 131.045,207.401 132.5,212C 134.653,212.099 136.319,212.933 137.5,214.5 Z"/></g>
<g><path style="opacity:0.61" fill="#a9abab" d="M 116.5,206.5 C 122.488,206.664 123.821,209.164 120.5,214C 114.403,214.147 113.07,211.647 116.5,206.5 Z"/></g>
<g><path style="opacity:0.784" fill="#f8fafa" d="M 408.5,212.5 C 411.022,214.002 411.022,215.335 408.5,216.5C 391.785,216.925 375.118,216.425 358.5,215C 360.301,214.683 360.634,214.016 359.5,213C 375.83,212.5 392.163,212.333 408.5,212.5 Z"/></g>
<g><path style="opacity:0.895" fill="#ebebeb" d="M 344.5,212.5 C 347.477,214.064 348.144,216.397 346.5,219.5C 344.801,219.66 343.134,219.494 341.5,219C 343.701,218.223 343.701,217.056 341.5,215.5C 341.167,216.167 340.833,216.833 340.5,217.5C 339.255,216.045 339.422,214.711 341,213.5C 341.333,213.833 341.667,214.167 342,214.5C 342.417,213.244 343.25,212.577 344.5,212.5 Z"/></g>
<g><path style="opacity:0.13" fill="#656565" d="M 330.5,210.5 C 331.164,213.146 331.498,215.979 331.5,219C 331.634,223.758 330.968,228.258 329.5,232.5C 330.248,225.191 330.582,217.858 330.5,210.5 Z"/></g>
<g><path style="opacity:0.988" fill="#d2d2d3" d="M 158.5,210.5 C 159.683,211.504 161.016,212.338 162.5,213C 166.167,213.333 169.833,213.667 173.5,214C 174.517,215.049 174.684,216.216 174,217.5C 168.534,219.741 163.034,219.575 157.5,217C 155.077,215.429 153.744,213.263 153.5,210.5C 153.369,209.761 153.536,209.094 154,208.5C 156.109,209.035 156.609,210.035 155.5,211.5C 157.052,212.798 158.052,212.465 158.5,210.5 Z"/></g>
<g><path style="opacity:0.966" fill="#a5a5a5" d="M 344.5,212.5 C 343.25,212.577 342.417,213.244 342,214.5C 341.667,214.167 341.333,213.833 341,213.5C 339.422,214.711 339.255,216.045 340.5,217.5C 340.833,216.833 341.167,216.167 341.5,215.5C 343.701,217.056 343.701,218.223 341.5,219C 343.134,219.494 344.801,219.66 346.5,219.5C 345.551,220.152 344.385,220.486 343,220.5C 338.919,219.881 337.586,217.548 339,213.5C 340.79,211.709 342.623,211.375 344.5,212.5 Z"/></g>
<g><path style="opacity:0.925" fill="#d6d6d6" d="M 88.5,222.5 C 86.1667,222.5 83.8333,222.5 81.5,222.5C 78.6767,218.839 79.51,215.839 84,213.5C 89.395,214.429 90.895,217.429 88.5,222.5 Z"/></g>
<g><path style="opacity:0.801" fill="#e1e1e1" d="M 132.5,221.5 C 140.507,221.334 148.507,221.5 156.5,222C 161.878,224.115 167.545,225.115 173.5,225C 174.38,226.356 174.714,227.856 174.5,229.5C 164.683,229.541 155.017,228.541 145.5,226.5C 142.445,226.544 139.445,226.877 136.5,227.5C 132.19,227.222 130.857,225.222 132.5,221.5 Z"/></g>
<g><path style="opacity:0.149" fill="#4b4b4b" d="M 81.5,222.5 C 83.8333,222.5 86.1667,222.5 88.5,222.5C 86.3735,224.426 84.0401,224.426 81.5,222.5 Z"/></g>
<g><path style="opacity:0.864" fill="#e0e0e0" d="M 410.5,232.5 C 410.824,236.555 410.491,240.555 409.5,244.5C 408.833,244.833 408.167,245.167 407.5,245.5C 406.833,240.683 406.166,236.017 405.5,231.5C 404.527,229.861 403.194,228.527 401.5,227.5C 388.673,226.669 375.673,226.169 362.5,226C 361.672,225.085 360.672,224.419 359.5,224C 360.056,223.617 360.389,223.117 360.5,222.5C 373.994,221.339 387.66,221.173 401.5,222C 407.231,223.227 410.231,226.727 410.5,232.5 Z"/></g>
<g><path style="opacity:0.457" fill="#b0b1b2" d="M 124.5,221.5 C 127.139,223.159 127.139,224.992 124.5,227C 119.191,226.904 113.858,226.738 108.5,226.5C 112.794,226.089 116.96,225.089 121,223.5C 122.153,225.497 123.653,225.83 125.5,224.5C 124.873,223.583 124.539,222.583 124.5,221.5 Z"/></g>
<g><path style="opacity:0.971" fill="#e5e4e4" d="M 426.5,222.5 C 427,228.028 426.333,233.362 424.5,238.5C 423.675,239.386 422.675,239.719 421.5,239.5C 420.034,238.653 419.2,237.32 419,235.5C 418.121,228.841 417.788,222.174 418,215.5C 424.446,213.098 427.279,215.431 426.5,222.5 Z"/></g>
<g><path style="opacity:0.965" fill="#d5d5d5" d="M 85.5,239.5 C 82.9214,239.606 80.588,238.939 78.5,237.5C 78.2601,234.421 78.5934,231.421 79.5,228.5C 85.121,225.099 87.7876,226.766 87.5,233.5C 87.3333,235.167 87.1667,236.833 87,238.5C 86.6174,239.056 86.1174,239.389 85.5,239.5 Z"/></g>
<g><path style="opacity:0.808" fill="#e0e0e0" d="M 124.5,221.5 C 124.539,222.583 124.873,223.583 125.5,224.5C 123.653,225.83 122.153,225.497 121,223.5C 116.96,225.089 112.794,226.089 108.5,226.5C 105.275,227.22 103.109,229.22 102,232.5C 101.634,238.175 101.8,243.841 102.5,249.5C 99.1194,250.112 96.7861,248.946 95.5,246C 96.2538,241.205 96.7538,236.372 97,231.5C 97.7173,226.449 100.551,223.282 105.5,222C 111.825,221.5 118.158,221.334 124.5,221.5 Z"/></g>
<g><path style="opacity:0.565" fill="#999c9b" d="M 338.5,228.5 C 339.833,228.5 341.167,228.5 342.5,228.5C 342.884,230.665 342.217,232.332 340.5,233.5C 338.783,232.332 338.116,230.665 338.5,228.5 Z"/></g>
<g><path style="opacity:0.004" fill="#111111" d="M 173.5,235.5 C 167.591,236.455 161.591,236.789 155.5,236.5C 161.036,235.793 166.702,235.126 172.5,234.5C 173.107,234.624 173.44,234.957 173.5,235.5 Z"/></g>
<g><path style="opacity:0.96" fill="#8f8e8f" d="M 426.5,222.5 C 427.19,227.233 427.856,232.066 428.5,237C 426.789,240.166 424.456,240.999 421.5,239.5C 422.675,239.719 423.675,239.386 424.5,238.5C 426.333,233.362 427,228.028 426.5,222.5 Z"/></g>
<g><path style="opacity:0.624" fill="#c4c6c5" d="M 173.5,235.5 C 174.451,236.919 174.784,238.585 174.5,240.5C 167.87,241.546 161.203,241.713 154.5,241C 153.084,239.085 153.418,237.585 155.5,236.5C 161.591,236.789 167.591,236.455 173.5,235.5 Z"/></g>
<g><path style="opacity:0.794" fill="#cacbcb" d="M 364.5,235.5 C 367.574,235.959 369.074,237.626 369,240.5C 366.281,241.444 363.448,241.777 360.5,241.5C 360.5,239.833 360.5,238.167 360.5,236.5C 362.099,236.768 363.432,236.434 364.5,235.5 Z"/></g>
<g><path style="opacity:0.984" fill="#e5e6e5" d="M 132.5,257.5 C 132.167,257.5 131.833,257.5 131.5,257.5C 131.918,256.778 132.584,256.278 133.5,256C 127.843,255.501 122.176,255.334 116.5,255.5C 116.5,256.5 116.5,257.5 116.5,258.5C 120.011,258.163 123.344,258.163 126.5,258.5C 128.5,258.5 130.5,258.5 132.5,258.5C 137.322,259.065 141.822,258.399 146,256.5C 147.54,258.955 147.874,261.621 147,264.5C 134.942,263.874 122.608,263.207 110,262.5C 109.5,252.506 109.334,242.506 109.5,232.5C 117.86,232.169 126.193,232.502 134.5,233.5C 135.262,241.271 135.596,249.271 135.5,257.5C 134.5,257.5 133.5,257.5 132.5,257.5 Z M 120.5,246.5 C 120.5,246.167 120.5,245.833 120.5,245.5C 121.376,245.369 122.043,245.702 122.5,246.5C 122.03,247.463 121.363,247.463 120.5,246.5 Z M 131.5,257.5 C 129.344,255.882 127.677,256.216 126.5,258.5C 123.344,258.163 120.011,258.163 116.5,258.5C 116.5,257.5 116.5,256.5 116.5,255.5C 122.176,255.334 127.843,255.501 133.5,256C 132.584,256.278 131.918,256.778 131.5,257.5 Z"/></g>
<g><path style="opacity:0.923" fill="#cecece" d="M 141.5,232.5 C 148.32,232.493 150.32,235.493 147.5,241.5C 140.918,243.736 138.251,241.569 139.5,235C 140.056,233.989 140.722,233.156 141.5,232.5 Z"/></g>
<g><path style="opacity:0.552" fill="#969797" d="M 338.5,236.5 C 342.161,236.35 343.161,237.85 341.5,241C 340.551,241.617 339.718,241.451 339,240.5C 338.51,239.207 338.343,237.873 338.5,236.5 Z"/></g>
<g><path style="opacity:0.364" fill="#bdbdbd" d="M 360.5,222.5 C 360.389,223.117 360.056,223.617 359.5,224C 360.672,224.419 361.672,225.085 362.5,226C 375.673,226.169 388.673,226.669 401.5,227.5C 387.151,227.167 372.818,227.501 358.5,228.5C 356.841,229.817 355.674,231.483 355,233.5C 354.333,240.167 354.333,246.833 355,253.5C 355.833,255 357,256.167 358.5,257C 361.882,257.176 365.215,257.676 368.5,258.5C 370.087,260.446 369.754,261.946 367.5,263C 359.526,265.259 353.693,262.759 350,255.5C 349.333,247.5 349.333,239.5 350,231.5C 351.565,226.093 355.065,223.093 360.5,222.5 Z"/></g>
<g><path style="opacity:0.131" fill="#464646" d="M 78.5,237.5 C 80.588,238.939 82.9214,239.606 85.5,239.5C 84.0536,240.613 82.3869,240.78 80.5,240C 79.244,239.583 78.5774,238.75 78.5,237.5 Z"/></g>
<g><path style="opacity:0.914" fill="#959595" d="M 405.5,231.5 C 406.166,236.017 406.833,240.683 407.5,245.5C 408.167,245.167 408.833,244.833 409.5,244.5C 410.491,240.555 410.824,236.555 410.5,232.5C 411.216,237.034 411.883,241.701 412.5,246.5C 409.468,250.618 406.802,250.451 404.5,246C 405.419,241.219 405.752,236.385 405.5,231.5 Z"/></g>
<g><path style="opacity:0.99" fill="#dfdfdf" d="M 163.5,245.5 C 166.777,245.216 169.943,245.549 173,246.5C 175.955,254.12 173.455,257.62 165.5,257C 161.033,253.832 160.366,249.999 163.5,245.5 Z"/></g>
<g><path style="opacity:0.953" fill="#dadada" d="M 375.5,232.5 C 383.42,232.185 391.253,232.518 399,233.5C 399.818,243.411 399.651,253.244 398.5,263C 390.587,263.814 382.754,263.647 375,262.5C 374.193,252.423 374.36,242.423 375.5,232.5 Z M 380.5,253.5 C 381.289,253.783 381.956,254.283 382.5,255C 381.184,255.528 380.517,255.028 380.5,253.5 Z M 391.5,253.5 C 394.001,253.511 394.168,254.178 392,255.5C 391.536,254.906 391.369,254.239 391.5,253.5 Z"/></g>
<g><path style="opacity:0.91" fill="#e0e0e0" d="M 139.5,247.5 C 144.844,247.334 150.177,247.501 155.5,248C 156.93,249.88 156.596,251.38 154.5,252.5C 150.031,252.47 145.531,252.47 141,252.5C 139.731,251.095 139.231,249.429 139.5,247.5 Z"/></g>
<g><path style="opacity:0.014" fill="#0a0a0a" d="M 335.5,248.5 C 335.298,250.95 335.631,253.283 336.5,255.5C 335.275,254.848 334.608,253.681 334.5,252C 334.514,250.615 334.848,249.449 335.5,248.5 Z"/></g>
<g><path style="opacity:0.915" fill="#e4e4e4" d="M 336.5,255.5 C 335.631,253.283 335.298,250.95 335.5,248.5C 337.794,245.662 340.294,245.329 343,247.5C 343.497,250.146 343.664,252.813 343.5,255.5C 341.167,255.5 338.833,255.5 336.5,255.5 Z"/></g>
<g><path style="opacity:0.998" fill="#dfe0e0" d="M 361.5,245.5 C 364.096,247.626 366.929,247.959 370,246.5C 370.309,247.766 370.809,248.933 371.5,250C 367.703,251.424 363.703,251.924 359.5,251.5C 359.614,249.282 360.28,247.282 361.5,245.5 Z"/></g>
<g><path style="opacity:0.643" fill="#a1a4a5" d="M 128.5,239.5 C 128.833,239.5 129.167,239.5 129.5,239.5C 127.984,242.374 125.984,245.041 123.5,247.5C 125.291,248.17 126.958,248.837 128.5,249.5C 130.203,248.34 130.869,249.007 130.5,251.5C 125.167,251.5 119.833,251.5 114.5,251.5C 114.5,250.5 114.5,249.5 114.5,248.5C 117.082,248.975 119.082,248.308 120.5,246.5C 121.363,247.463 122.03,247.463 122.5,246.5C 122.043,245.702 121.376,245.369 120.5,245.5C 120.5,244.833 120.5,244.167 120.5,243.5C 121.738,244.412 123.072,244.579 124.5,244C 123.828,242.421 124.495,241.254 126.5,240.5C 126.833,241.833 127.167,241.833 127.5,240.5C 128.167,240.5 128.5,240.167 128.5,239.5 Z"/></g>
<g><path style="opacity:0.004" fill="#303030" d="M 131.5,257.5 C 131.833,257.5 132.167,257.5 132.5,257.5C 132.5,257.833 132.5,258.167 132.5,258.5C 130.5,258.5 128.5,258.5 126.5,258.5C 127.677,256.216 129.344,255.882 131.5,257.5 Z"/></g>
<g><path style="opacity:0.83" fill="#b0b0b0" d="M 405.5,255.5 C 407.527,255.338 409.527,255.505 411.5,256C 412.554,257.388 412.72,258.888 412,260.5C 406.1,263.001 403.933,261.334 405.5,255.5 Z"/></g>
<g><path style="opacity:0.992" fill="#bbbbbb" d="M 95.5,255.5 C 97.8333,255.5 100.167,255.5 102.5,255.5C 102.938,261.313 100.438,262.98 95,260.5C 94.3603,258.735 94.5269,257.068 95.5,255.5 Z"/></g>
<g><path style="opacity:0.937" fill="#dadada" d="M 80.5,262.5 C 83.0444,262.104 85.2111,262.771 87,264.5C 87.6667,267.5 87.6667,270.5 87,273.5C 84.8376,275.647 82.5043,275.647 80,273.5C 78.2266,269.58 78.3933,265.913 80.5,262.5 Z"/></g>
<g><path style="opacity:0.945" fill="#d2d1d1" d="M 420.5,262.5 C 426.997,262.18 429.164,265.18 427,271.5C 423.416,275.65 420.25,275.316 417.5,270.5C 418.007,267.578 419.007,264.911 420.5,262.5 Z"/></g>
<g><path style="opacity:0.978" fill="#d2d4d4" d="M 149.5,273.5 C 149.883,271.592 150.883,270.092 152.5,269C 151.207,268.51 149.873,268.343 148.5,268.5C 155.36,263.997 163.026,261.83 171.5,262C 175.481,266.398 174.981,270.231 170,273.5C 168.266,272.751 166.433,272.251 164.5,272C 163.223,270.214 161.556,269.048 159.5,268.5C 156.156,270.185 152.823,271.852 149.5,273.5 Z M 167.5,265.5 C 168.289,265.783 168.956,266.283 169.5,267C 168.184,267.528 167.517,267.028 167.5,265.5 Z"/></g>
<g><path style="opacity:0.867" fill="#cbcece" d="M 336.5,261.5 C 345.223,260.701 347.889,264.201 344.5,272C 337.032,274.788 333.866,271.955 335,263.5C 335.717,262.956 336.217,262.289 336.5,261.5 Z"/></g>
<g><path style="opacity:0.699" fill="#c2c2c4" d="M 405.5,265.5 C 409.919,266.323 410.586,268.49 407.5,272C 405.956,272.29 404.623,272.956 403.5,274C 389.5,274.667 375.5,274.667 361.5,274C 359.035,272.911 357.035,271.244 355.5,269C 356.212,267.558 357.379,266.725 359,266.5C 360.893,267.196 362.726,268.03 364.5,269C 376.5,269.667 388.5,269.667 400.5,269C 402.584,268.303 404.251,267.136 405.5,265.5 Z"/></g>
<g><path style="opacity:0.946" fill="#cfcfd0" d="M 148.5,268.5 C 149.873,268.343 151.207,268.51 152.5,269C 150.883,270.092 149.883,271.592 149.5,273.5C 134.672,274.661 119.672,274.828 104.5,274C 101.243,273.251 98.5759,271.584 96.5,269C 97.1189,267.243 98.2856,266.076 100,265.5C 102.528,267.345 105.361,268.512 108.5,269C 121.878,269.797 135.212,269.63 148.5,268.5 Z"/></g>
<g><path style="opacity:0.961" fill="#fbfcfd" d="M 363.5,270.5 C 376.171,270.333 388.838,270.5 401.5,271C 399.699,271.317 399.366,271.984 400.5,273C 388.167,273.667 375.833,273.667 363.5,273C 362.402,272.23 362.402,271.397 363.5,270.5 Z"/></g>
<g><path style="opacity:0.932" fill="#d0d1d0" d="M 156.5,290.5 C 158.371,286.715 157.371,285.382 153.5,286.5C 154.248,282.583 156.582,280.083 160.5,279C 164.555,278.768 168.555,278.268 172.5,277.5C 175.319,279.193 175.652,281.026 173.5,283C 169.833,283.333 166.167,283.667 162.5,284C 159.686,285.494 157.686,287.66 156.5,290.5 Z"/></g>
<g><path style="opacity:0.874" fill="#c1c2c1" d="M 327.5,278.5 C 354.169,278.333 380.835,278.5 407.5,279C 409.527,280.396 409.86,282.062 408.5,284C 381.502,284.5 354.502,284.667 327.5,284.5C 327.5,282.5 327.5,280.5 327.5,278.5 Z"/></g>
<g><path style="opacity:0.982" fill="#dddddd" d="M 423.5,278.5 C 424.219,280.764 424.552,283.097 424.5,285.5C 424.082,289.189 423.082,292.689 421.5,296C 419.098,296.814 416.765,296.647 414.5,295.5C 414.013,294.554 413.68,293.554 413.5,292.5C 414.804,288.199 415.971,283.865 417,279.5C 418.898,277.316 421.064,276.983 423.5,278.5 Z"/></g>
<g><path style="opacity:0.741" fill="#afb4b3" d="M 121.5,278.5 C 127.176,278.334 132.843,278.501 138.5,279C 140.014,280.439 140.347,281.939 139.5,283.5C 133.193,284.664 126.859,284.831 120.5,284C 119.156,281.856 119.49,280.023 121.5,278.5 Z"/></g>
<g><path style="opacity:0.737" fill="#a7acac" d="M 111.5,283.5 C 107.102,283.706 102.768,283.373 98.5,282.5C 98.33,281.178 98.6634,280.011 99.5,279C 103.167,278.333 106.833,278.333 110.5,279C 112.466,280.347 112.799,281.847 111.5,283.5 Z"/></g>
<g><path style="opacity:0.043" fill="#282828" d="M 423.5,278.5 C 424.993,279.312 425.66,280.645 425.5,282.5C 425.48,283.726 425.147,284.726 424.5,285.5C 424.552,283.097 424.219,280.764 423.5,278.5 Z"/></g>
<g><path style="opacity:0.11" fill="#66676a" d="M 98.5,282.5 C 102.768,283.373 107.102,283.706 111.5,283.5C 107.689,284.645 103.689,284.812 99.5,284C 98.944,283.617 98.6107,283.117 98.5,282.5 Z"/></g>
<g><path style="opacity:0.614" fill="#c6cac9" d="M 102.5,289.5 C 115.99,290.823 129.49,290.823 143,289.5C 146.338,289.507 147.838,291.174 147.5,294.5C 131.486,294.833 115.486,294.499 99.5,293.5C 99.1667,292.833 98.8333,292.167 98.5,291.5C 99.9492,290.828 101.282,290.161 102.5,289.5 Z"/></g>
<g><path style="opacity:0.838" fill="#f0f0f0" d="M 173.5,291.5 C 174.833,293.824 174.166,295.491 171.5,296.5C 169.393,295.532 167.059,295.198 164.5,295.5C 164.5,294.167 164.5,292.833 164.5,291.5C 167.5,291.5 170.5,291.5 173.5,291.5 Z"/></g>
<g><path style="opacity:0.643" fill="#8e8e8e" d="M 173.5,291.5 C 170.5,291.5 167.5,291.5 164.5,291.5C 164.5,292.833 164.5,294.167 164.5,295.5C 167.059,295.198 169.393,295.532 171.5,296.5C 168.833,296.5 166.167,296.5 163.5,296.5C 163.5,294.5 163.5,292.5 163.5,290.5C 167.042,290.187 170.375,290.521 173.5,291.5 Z"/></g>
<g><path style="opacity:0.667" fill="#6c6e6e" d="M 402.5,289.5 C 407.633,292.038 407.633,294.371 402.5,296.5C 398.737,294.3 398.737,291.967 402.5,289.5 Z"/></g>
<g><path style="opacity:0.833" fill="#949494" d="M 347.5,288.5 C 349.924,288.192 352.257,288.526 354.5,289.5C 350.056,292.441 346.056,295.941 342.5,300C 341.207,300.49 339.873,300.657 338.5,300.5C 338.351,299.448 338.517,298.448 339,297.5C 342.038,294.631 344.871,291.631 347.5,288.5 Z"/></g>
<g><path style="opacity:0.968" fill="#dfe0df" d="M 163.5,301.5 C 166.85,301.335 170.183,301.502 173.5,302C 174.833,303.333 174.833,304.667 173.5,306C 170.183,306.498 166.85,306.665 163.5,306.5C 163.5,304.833 163.5,303.167 163.5,301.5 Z"/></g>
<g><path style="opacity:0.997" fill="#e8e9e9" d="M 346.5,311.5 C 345.504,311.586 344.671,311.252 344,310.5C 343.667,311.167 343.333,311.833 343,312.5C 342.616,310.803 342.782,309.137 343.5,307.5C 345.052,305.195 346.385,302.695 347.5,300C 355.655,297.488 358.488,300.321 356,308.5C 354.372,310.712 352.372,311.046 350,309.5C 348.301,309.387 347.134,310.053 346.5,311.5 Z"/></g>
<g><path style="opacity:0.903" fill="#eaeaea" d="M 142.5,303.5 C 141.737,304.268 140.737,304.768 139.5,305C 140.448,305.483 141.448,305.649 142.5,305.5C 142.567,306.959 142.234,308.292 141.5,309.5C 129.829,309.667 118.162,309.5 106.5,309C 102.01,304.467 102.676,300.967 108.5,298.5C 111.136,299.971 113.636,301.637 116,303.5C 117.013,301.154 118.679,299.487 121,298.5C 124.229,299.53 127.062,301.196 129.5,303.5C 130.601,300.73 132.601,299.064 135.5,298.5C 138.129,299.802 140.462,301.468 142.5,303.5 Z"/></g>
<g><path style="opacity:0.929" fill="#f4f4f4" d="M 156.5,290.5 C 156.5,301.5 156.5,312.5 156.5,323.5C 155.566,324.568 155.232,325.901 155.5,327.5C 154.178,327.33 153.011,327.663 152,328.5C 151.536,327.906 151.369,327.239 151.5,326.5C 152.132,313.038 152.799,299.705 153.5,286.5C 157.371,285.382 158.371,286.715 156.5,290.5 Z"/></g>
<g><path style="opacity:0.737" fill="#a4a5a4" d="M 110.5,314.5 C 113.045,314.151 115.045,314.984 116.5,317C 115.033,319.186 113.033,319.852 110.5,319C 109.587,317.586 109.587,316.086 110.5,314.5 Z"/></g>
<g><path style="opacity:0.875" fill="#939496" d="M 354.5,314.5 C 356.167,314.5 357.833,314.5 359.5,314.5C 359.351,319.937 357.351,320.771 353.5,317C 353.743,316.098 354.077,315.265 354.5,314.5 Z"/></g>
<g><path style="opacity:0.894" fill="#dadbdb" d="M 394.5,321.5 C 384.781,321.782 375.114,321.449 365.5,320.5C 364.342,311.343 364.176,302.009 365,292.5C 369.918,291.195 375.085,290.529 380.5,290.5C 385.915,290.529 391.082,291.195 396,292.5C 396.667,301.833 396.667,311.167 396,320.5C 395.617,321.056 395.117,321.389 394.5,321.5 Z M 372.5,296.5 C 378.833,296.5 385.167,296.5 391.5,296.5C 392.123,303.255 391.456,309.588 389.5,315.5C 389.5,315.167 389.5,314.833 389.5,314.5C 389.5,309.167 389.5,303.833 389.5,298.5C 383.833,297.833 378.167,297.167 372.5,296.5 Z M 370.5,296.5 C 370.833,296.5 371.167,296.5 371.5,296.5C 371.5,302.833 371.5,309.167 371.5,315.5C 377.5,315.5 383.5,315.5 389.5,315.5C 388.791,316.404 387.791,316.737 386.5,316.5C 384.833,316.5 383.167,316.5 381.5,316.5C 377.833,316.5 374.167,316.5 370.5,316.5C 370.5,309.833 370.5,303.167 370.5,296.5 Z"/></g>
<g><path style="opacity:0.298" fill="#959d9c" d="M 371.5,296.5 C 371.833,296.5 372.167,296.5 372.5,296.5C 378.167,297.167 383.833,297.833 389.5,298.5C 387.616,298.712 386.283,299.712 385.5,301.5C 384.914,301.291 384.414,300.957 384,300.5C 383.623,301.942 382.79,302.942 381.5,303.5C 381.167,302.167 380.833,302.167 380.5,303.5C 379.52,299.474 376.853,297.807 372.5,298.5C 372.5,303.833 372.5,309.167 372.5,314.5C 378.167,314.5 383.833,314.5 389.5,314.5C 389.5,314.833 389.5,315.167 389.5,315.5C 383.5,315.5 377.5,315.5 371.5,315.5C 371.5,309.167 371.5,302.833 371.5,296.5 Z"/></g>
<g><path style="opacity:0.067" fill="#636767" d="M 370.5,296.5 C 370.5,303.167 370.5,309.833 370.5,316.5C 374.167,316.5 377.833,316.5 381.5,316.5C 377.702,317.483 373.702,317.817 369.5,317.5C 369.175,310.313 369.509,303.313 370.5,296.5 Z"/></g>
<g><path style="opacity:0.499" fill="#c5d0ce" d="M 380.5,303.5 C 380.833,303.5 381.167,303.5 381.5,303.5C 382.79,302.942 383.623,301.942 384,300.5C 384.414,300.957 384.914,301.291 385.5,301.5C 386.283,299.712 387.616,298.712 389.5,298.5C 389.5,303.833 389.5,309.167 389.5,314.5C 383.833,314.5 378.167,314.5 372.5,314.5C 372.5,309.167 372.5,303.833 372.5,298.5C 376.853,297.807 379.52,299.474 380.5,303.5 Z"/></g>
<g><path style="opacity:0.302" fill="#58595b" d="M 370.5,296.5 C 377.648,295.508 384.981,295.175 392.5,295.5C 392.5,302.833 392.5,310.167 392.5,317.5C 390.265,317.795 388.265,317.461 386.5,316.5C 387.791,316.737 388.791,316.404 389.5,315.5C 391.456,309.588 392.123,303.255 391.5,296.5C 385.167,296.5 378.833,296.5 372.5,296.5C 372.167,296.5 371.833,296.5 371.5,296.5C 371.167,296.5 370.833,296.5 370.5,296.5 Z"/></g>
<g><path style="opacity:0.137" fill="#424242" d="M 365.5,320.5 C 375.114,321.449 384.781,321.782 394.5,321.5C 385.343,322.658 376.009,322.824 366.5,322C 365.944,321.617 365.611,321.117 365.5,320.5 Z"/></g>
<g><path style="opacity:0.979" fill="#d1d2d1" d="M 128.5,311.5 C 131.535,313.335 132.701,316.002 132,319.5C 127.356,322.141 124.189,325.975 122.5,331C 119.49,333.222 116.99,332.722 115,329.5C 114.087,325.133 115.921,322.633 120.5,322C 122.886,320.113 124.053,317.613 124,314.5C 125.409,313.219 126.909,312.219 128.5,311.5 Z"/></g>
<g><path style="opacity:0.892" fill="#a5a8a7" d="M 343.5,307.5 C 342.782,309.137 342.616,310.803 343,312.5C 343.333,311.833 343.667,311.167 344,310.5C 344.671,311.252 345.504,311.586 346.5,311.5C 346.167,312.167 345.833,312.833 345.5,313.5C 344.515,317.634 344.182,321.968 344.5,326.5C 351.5,326.5 358.5,326.5 365.5,326.5C 365.721,327.735 366.388,328.735 367.5,329.5C 366.675,330.386 365.675,330.719 364.5,330.5C 358.833,330.5 353.167,330.5 347.5,330.5C 346.5,330.5 345.5,330.5 344.5,330.5C 344.5,332.5 344.5,334.5 344.5,336.5C 349.511,336.334 354.511,336.501 359.5,337C 357.833,337.333 356.167,337.667 354.5,338C 355.598,338.77 355.598,339.603 354.5,340.5C 351.5,340.5 348.5,340.5 345.5,340.5C 345.261,342.467 345.594,344.301 346.5,346C 349.044,347.092 351.711,347.759 354.5,348C 355.167,349 355.833,350 356.5,351C 352.833,351.667 349.167,351.667 345.5,351C 343.479,350.487 341.979,349.32 341,347.5C 340.333,335.167 340.333,322.833 341,310.5C 341.377,309.058 342.21,308.058 343.5,307.5 Z"/></g>
<g><path style="opacity:0.043" fill="#171818" d="M 345.5,313.5 C 345.5,317.5 345.5,321.5 345.5,325.5C 352.354,325.176 359.021,325.509 365.5,326.5C 358.5,326.5 351.5,326.5 344.5,326.5C 344.182,321.968 344.515,317.634 345.5,313.5 Z"/></g>
<g><path style="opacity:0.169" fill="#a3a4a3" d="M 238.5,295.5 C 238.5,306.167 238.5,316.833 238.5,327.5C 267.5,327.5 296.5,327.5 325.5,327.5C 325.5,317.167 325.5,306.833 325.5,296.5C 312.656,296.829 299.989,296.495 287.5,295.5C 300.106,295.805 312.939,295.472 326,294.5C 326.5,295 327,295.5 327.5,296C 326.513,306.752 326.18,317.585 326.5,328.5C 296.833,328.5 267.167,328.5 237.5,328.5C 237.172,317.321 237.505,306.321 238.5,295.5 Z"/></g>
<g><path style="opacity:0.955" fill="#dddddd" d="M 384.5,338.5 C 381.892,338.6 379.558,337.933 377.5,336.5C 376.544,330.484 379.21,328.317 385.5,330C 388.249,333.238 387.915,336.071 384.5,338.5 Z"/></g>
<g><path style="opacity:0.942" fill="#cbcdcd" d="M 142.5,303.5 C 144.686,305.099 146.686,306.933 148.5,309C 145.949,311.231 145.949,313.397 148.5,315.5C 148.051,319.951 145.717,322.951 141.5,324.5C 139.058,327.729 136.392,330.729 133.5,333.5C 133.368,337.367 131.535,340.034 128,341.5C 123.685,339.799 122.518,336.799 124.5,332.5C 125.689,331.571 127.022,331.238 128.5,331.5C 128.351,330.448 128.517,329.448 129,328.5C 131.068,325.457 133.735,323.124 137,321.5C 138.044,319.285 138.71,316.952 139,314.5C 140.11,312.963 141.61,312.297 143.5,312.5C 143.715,310.821 143.048,309.821 141.5,309.5C 142.234,308.292 142.567,306.959 142.5,305.5C 141.448,305.649 140.448,305.483 139.5,305C 140.737,304.768 141.737,304.268 142.5,303.5 Z"/></g>
<g><path style="opacity:0.996" fill="#c9caca" d="M 156.5,323.5 C 156.702,325.989 156.202,328.323 155,330.5C 147.877,336.782 141.71,343.782 136.5,351.5C 130.156,353.653 127.99,351.653 130,345.5C 131.509,344.91 133.009,344.244 134.5,343.5C 139.854,337.479 145.521,331.812 151.5,326.5C 151.369,327.239 151.536,327.906 152,328.5C 153.011,327.663 154.178,327.33 155.5,327.5C 155.232,325.901 155.566,324.568 156.5,323.5 Z"/></g>
<g><path style="opacity:0.965" fill="#e0e0e0" d="M 211.5,336.5 C 212.833,336.5 214.167,336.5 215.5,336.5C 215.5,338.5 215.5,340.5 215.5,342.5C 214.167,342.5 212.833,342.5 211.5,342.5C 210.167,340.5 210.167,338.5 211.5,336.5 Z"/></g>
<g><path style="opacity:0.725" fill="#757877" d="M 251.5,335.5 C 252.833,335.5 254.167,335.5 255.5,335.5C 255.5,337.167 255.5,338.833 255.5,340.5C 251.065,341.078 249.732,339.411 251.5,335.5 Z"/></g>
<g><path style="opacity:0.976" fill="#c3c4c4" d="M 331.5,335.5 C 335.009,336.474 336.176,338.807 335,342.5C 333.301,343.406 331.467,343.739 329.5,343.5C 327.814,340.216 328.48,337.549 331.5,335.5 Z"/></g>
<g><path style="opacity:0.91" fill="#cdcece" d="M 174.5,348.5 C 169.185,348.503 167.185,345.836 168.5,340.5C 171.041,336.93 174.041,336.597 177.5,339.5C 178.52,341.432 178.687,343.432 178,345.5C 177.578,347.426 176.411,348.426 174.5,348.5 Z"/></g>
<g><path style="opacity:0.956" fill="#bebebf" d="M 185.5,335.5 C 190.708,335.369 192.375,337.702 190.5,342.5C 187.743,343.866 185.577,343.199 184,340.5C 183.818,338.67 184.318,337.003 185.5,335.5 Z"/></g>
<g><path style="opacity:0.998" fill="#f7f7f7" d="M 242.5,341.5 C 242.5,341.833 242.5,342.167 242.5,342.5C 241.167,342.5 239.833,342.5 238.5,342.5C 238.5,340.5 238.5,338.5 238.5,336.5C 239.5,336.5 240.5,336.5 241.5,336.5C 241.366,338.292 241.699,339.958 242.5,341.5 Z"/></g>
<g><path style="opacity:0.902" fill="#bcbcbc" d="M 300.5,334.5 C 306.83,333.666 309.663,336.333 309,342.5C 305.61,346.032 301.943,346.366 298,343.5C 296.93,339.858 297.764,336.858 300.5,334.5 Z M 303.5,340.5 C 302.227,339.923 302.227,339.257 303.5,338.5C 304.463,338.97 304.463,339.637 303.5,340.5 Z"/></g>
<g><path style="opacity:0.075" fill="#424242" d="M 377.5,336.5 C 379.558,337.933 381.892,338.6 384.5,338.5C 381.598,340.115 379.265,339.449 377.5,336.5 Z"/></g>
<g><path style="opacity:0.431" fill="#807f7f" d="M 211.5,336.5 C 212.919,335.549 214.585,335.216 216.5,335.5C 216.5,338.167 216.5,340.833 216.5,343.5C 214.585,343.784 212.919,343.451 211.5,342.5C 212.833,342.5 214.167,342.5 215.5,342.5C 215.5,340.5 215.5,338.5 215.5,336.5C 214.167,336.5 212.833,336.5 211.5,336.5 Z"/></g>
<g><path style="opacity:0.992" fill="#bcbcbc" d="M 224.5,335.5 C 226.167,335.5 227.833,335.5 229.5,335.5C 229.5,338.167 229.5,340.833 229.5,343.5C 227.473,343.662 225.473,343.495 223.5,343C 224.153,340.832 224.486,338.332 224.5,335.5 Z"/></g>
<g><path style="opacity:0.553" fill="#898889" d="M 242.5,341.5 C 241.699,339.958 241.366,338.292 241.5,336.5C 240.5,336.5 239.5,336.5 238.5,336.5C 238.5,338.5 238.5,340.5 238.5,342.5C 239.833,342.5 241.167,342.5 242.5,342.5C 241.081,343.451 239.415,343.784 237.5,343.5C 237.5,340.833 237.5,338.167 237.5,335.5C 239.167,335.5 240.833,335.5 242.5,335.5C 242.954,337.741 242.954,339.741 242.5,341.5 Z"/></g>
<g><path style="opacity:0.549" fill="#b1b0b0" d="M 317.5,335.5 C 319.681,335.284 321.347,336.117 322.5,338C 321.594,339.699 321.261,341.533 321.5,343.5C 314.928,343.691 313.595,341.024 317.5,335.5 Z"/></g>
<g><path style="opacity:0.952" fill="#d7d8d7" d="M 148.5,352.5 C 147.679,355.641 147.179,358.975 147,362.5C 146.586,362.957 146.086,363.291 145.5,363.5C 144.508,359.217 144.174,354.884 144.5,350.5C 148.428,343.737 153.595,338.071 160,333.5C 162.278,328.1 163.111,322.434 162.5,316.5C 167.101,315.465 171.435,315.465 175.5,316.5C 175.67,317.822 175.337,318.989 174.5,320C 172.19,320.497 169.857,320.663 167.5,320.5C 167.666,324.514 167.499,328.514 167,332.5C 160.967,339.363 154.801,346.03 148.5,352.5 Z"/></g>
<g><path style="opacity:0.173" fill="#c4c6c8" d="M 199.5,335.5 C 204.607,335.745 206.107,338.078 204,342.5C 200.889,343.293 197.723,343.126 194.5,342C 193.594,340.301 193.261,338.467 193.5,336.5C 195.735,336.795 197.735,336.461 199.5,335.5 Z"/></g>
<g><path style="opacity:0.867" fill="#929292" d="M 269.5,337.5 C 271.008,340.122 270.508,342.455 268,344.5C 267.501,348.821 267.334,353.154 267.5,357.5C 266.176,352.766 266.176,347.933 267.5,343C 265.939,342.059 264.605,340.892 263.5,339.5C 265.398,338.266 267.065,338.599 268.5,340.5C 269.386,339.675 269.719,338.675 269.5,337.5 Z"/></g>
<g><path style="opacity:0.741" fill="#8c8e8d" d="M 277.5,337.5 C 281.833,337.5 286.167,337.5 290.5,337.5C 290.762,338.978 290.429,340.311 289.5,341.5C 286.557,342.244 283.557,342.744 280.5,343C 277.667,345.5 274.833,348 272,350.5C 271.5,349.5 271,348.5 270.5,347.5C 272.884,344.131 275.217,340.797 277.5,337.5 Z"/></g>
<g><path style="opacity:0.514" fill="#aeb0af" d="M 250.5,362.5 C 251.404,363.209 251.737,364.209 251.5,365.5C 252.5,365.5 253.5,365.5 254.5,365.5C 254.83,359.132 254.496,352.798 253.5,346.5C 252.914,346.291 252.414,345.957 252,345.5C 251.823,349.356 251.323,353.023 250.5,356.5C 250.334,352.486 250.501,348.486 251,344.5C 252.333,343.833 253.667,343.167 255,342.5C 255.5,350.493 255.666,358.493 255.5,366.5C 253.833,366.5 252.167,366.5 250.5,366.5C 250.5,365.167 250.5,363.833 250.5,362.5 Z"/></g>
<g><path style="opacity:0.142" fill="#4a4b4a" d="M 328.5,349.5 C 322.833,349.5 317.167,349.5 311.5,349.5C 311.5,350.5 311.5,351.5 311.5,352.5C 310.566,351.432 310.232,350.099 310.5,348.5C 316.69,348.177 322.69,348.51 328.5,349.5 Z"/></g>
<g><path style="opacity:0.898" fill="#c5c6c5" d="M 195.5,348.5 C 211.503,348.333 227.503,348.5 243.5,349C 244.38,350.356 244.714,351.856 244.5,353.5C 228.694,353.582 212.694,353.916 196.5,354.5C 194.834,352.579 194.5,350.579 195.5,348.5 Z"/></g>
<g><path style="opacity:1" fill="#858787" d="M 168.5,340.5 C 167.185,345.836 169.185,348.503 174.5,348.5C 173.612,351.054 173.279,353.721 173.5,356.5C 172.167,356.5 170.833,356.5 169.5,356.5C 167.924,363.955 163.59,366.122 156.5,363C 150.651,353.796 153.318,348.796 164.5,348C 166.409,345.7 167.743,343.2 168.5,340.5 Z M 160.5,353.5 C 166.691,354.668 167.024,356.668 161.5,359.5C 157.986,358.101 157.653,356.101 160.5,353.5 Z"/></g>
<g><path style="opacity:0.704" fill="#828282" d="M 183.5,349.5 C 184.5,349.5 185.5,349.5 186.5,349.5C 186.613,354.786 185.28,355.453 182.5,351.5C 182.863,350.817 183.196,350.15 183.5,349.5 Z"/></g>
<g><path style="opacity:1" fill="#b7bbb9" d="M 328.5,349.5 C 328.5,350.833 328.5,352.167 328.5,353.5C 322.642,353.822 316.975,353.489 311.5,352.5C 311.5,351.5 311.5,350.5 311.5,349.5C 317.167,349.5 322.833,349.5 328.5,349.5 Z"/></g>
<g><path style="opacity:0.797" fill="#868887" d="M 365.5,326.5 C 369.417,327.248 371.917,329.582 373,333.5C 373.602,340.517 373.935,347.517 374,354.5C 369.731,357.383 365.731,357.05 362,353.5C 361.058,349.532 360.225,345.532 359.5,341.5C 357.929,340.691 356.262,340.357 354.5,340.5C 355.598,339.603 355.598,338.77 354.5,338C 356.167,337.667 357.833,337.333 359.5,337C 354.511,336.501 349.511,336.334 344.5,336.5C 344.5,334.5 344.5,332.5 344.5,330.5C 345.5,330.5 346.5,330.5 347.5,330.5C 346.032,331.779 345.365,333.446 345.5,335.5C 351.29,335.096 356.956,335.596 362.5,337C 363.333,337.833 364.167,338.667 365,339.5C 365.238,343.222 365.738,346.889 366.5,350.5C 367.723,351.614 369.056,351.781 370.5,351C 368.736,345.454 367.902,339.62 368,333.5C 366.855,332.364 365.688,331.364 364.5,330.5C 365.675,330.719 366.675,330.386 367.5,329.5C 366.388,328.735 365.721,327.735 365.5,326.5 Z M 347.5,330.5 C 353.167,330.5 358.833,330.5 364.5,330.5C 365.688,331.364 366.855,332.364 368,333.5C 367.902,339.62 368.736,345.454 370.5,351C 369.056,351.781 367.723,351.614 366.5,350.5C 365.738,346.889 365.238,343.222 365,339.5C 364.167,338.667 363.333,337.833 362.5,337C 356.956,335.596 351.29,335.096 345.5,335.5C 345.365,333.446 346.032,331.779 347.5,330.5 Z"/></g>
<g><path style="opacity:0.961" fill="#d4d4d4" d="M 269.5,337.5 C 269.719,338.675 269.386,339.675 268.5,340.5C 267.065,338.599 265.398,338.266 263.5,339.5C 264.605,340.892 265.939,342.059 267.5,343C 266.176,347.933 266.176,352.766 267.5,357.5C 269.804,360.658 271.97,363.991 274,367.5C 274.833,379.847 274.666,392.18 273.5,404.5C 271.657,405.939 269.99,405.772 268.5,404C 269.654,392.576 269.82,381.076 269,369.5C 265.915,366.87 263.915,363.536 263,359.5C 262.932,351.779 261.766,344.279 259.5,337C 263.233,333.623 266.567,333.79 269.5,337.5 Z"/></g>
<g><path style="opacity:0.027" fill="#666767" d="M 343.5,354.5 C 341.078,352.35 338.411,352.017 335.5,353.5C 336.152,352.275 337.319,351.608 339,351.5C 341.626,351.05 343.126,352.05 343.5,354.5 Z"/></g>
<g><path style="opacity:0.866" fill="#f3f3f3" d="M 250.5,362.5 C 250.5,360.5 250.5,358.5 250.5,356.5C 251.323,353.023 251.823,349.356 252,345.5C 252.414,345.957 252.914,346.291 253.5,346.5C 254.496,352.798 254.83,359.132 254.5,365.5C 253.5,365.5 252.5,365.5 251.5,365.5C 251.737,364.209 251.404,363.209 250.5,362.5 Z"/></g>
<g><path style="opacity:0.973" fill="#e2e2e2" d="M 411.5,300.5 C 413.527,300.338 415.527,300.505 417.5,301C 418.894,301.956 419.561,303.289 419.5,305C 396.988,365.171 354.655,403.838 292.5,421C 289.318,421.407 286.151,421.907 283,422.5C 278.166,421.177 277.333,418.51 280.5,414.5C 331.627,403.693 370.793,376.026 398,331.5C 403.376,321.537 407.876,311.204 411.5,300.5 Z"/></g>
<g><path style="opacity:0.234" fill="#424141" d="M 334.5,353.5 C 334.279,356.279 334.612,358.946 335.5,361.5C 334.252,360.666 333.585,359.333 333.5,357.5C 333.511,355.955 333.844,354.622 334.5,353.5 Z"/></g>
<g><path style="opacity:0.975" fill="#f0f2f2" d="M 343.5,354.5 C 343.5,354.833 343.5,355.167 343.5,355.5C 343.649,356.552 343.483,357.552 343,358.5C 342.292,357.619 341.458,356.953 340.5,356.5C 339.009,353.77 337.675,353.937 336.5,357C 337.333,357.833 338.167,358.667 339,359.5C 339.893,358.289 340.726,358.289 341.5,359.5C 340.15,360.95 338.484,361.617 336.5,361.5C 336.167,361.5 335.833,361.5 335.5,361.5C 334.612,358.946 334.279,356.279 334.5,353.5C 334.833,353.5 335.167,353.5 335.5,353.5C 338.411,352.017 341.078,352.35 343.5,354.5 Z"/></g>
<g><path style="opacity:0.935" fill="#dfe2e2" d="M 176.5,358.5 C 184.925,359.186 193.591,359.52 202.5,359.5C 203.588,369.132 203.755,378.799 203,388.5C 202.228,389.849 201.061,390.682 199.5,391C 192.5,391.667 185.5,391.667 178.5,391C 177.975,390.308 177.308,389.808 176.5,389.5C 175.215,379.136 175.215,368.803 176.5,358.5 Z M 190.5,371.5 C 188.369,370.686 186.036,370.186 183.5,370C 186.702,368.517 190.036,368.183 193.5,369C 192.627,370.045 191.627,370.878 190.5,371.5 Z"/></g>
<g><path style="opacity:0.447" fill="#a6acaa" d="M 316.5,364.5 C 314.744,363.448 314.077,361.781 314.5,359.5C 321.785,359.098 322.452,360.765 316.5,364.5 Z"/></g>
<g><path style="opacity:0.599" fill="#828383" d="M 208.5,359.5 C 212.138,358.737 213.638,360.07 213,363.5C 209.331,365.009 207.831,363.676 208.5,359.5 Z"/></g>
<g><path style="opacity:0.998" fill="#ededee" d="M 232.5,361.5 C 235.833,361.5 239.167,361.5 242.5,361.5C 242.968,365.467 241.968,368.967 239.5,372C 241.107,373.049 241.773,374.549 241.5,376.5C 236.073,384.738 229.906,385.405 223,378.5C 221.991,376.975 221.491,375.308 221.5,373.5C 222.5,373.5 223.5,373.5 224.5,373.5C 225.492,373.672 226.158,373.338 226.5,372.5C 228.484,372.617 230.15,371.95 231.5,370.5C 232.086,370.709 232.586,371.043 233,371.5C 233.465,370.069 234.299,368.903 235.5,368C 234.552,367.517 233.552,367.351 232.5,367.5C 232.5,366.5 232.5,365.5 232.5,364.5C 232.5,364.167 232.5,363.833 232.5,363.5C 232.5,363.167 232.5,362.833 232.5,362.5C 232.5,362.167 232.5,361.833 232.5,361.5 Z"/></g>
<g><path style="opacity:0.992" fill="#f0f4f3" d="M 225.5,371.5 C 223.5,371.5 221.5,371.5 219.5,371.5C 219.5,370.833 219.5,370.167 219.5,369.5C 220.473,367.052 220.806,364.385 220.5,361.5C 222.924,361.192 225.257,361.526 227.5,362.5C 226.358,365.399 225.692,368.399 225.5,371.5 Z"/></g>
<g><path style="opacity:0.704" fill="#898d8c" d="M 323.5,366.5 C 320.731,364.337 320.898,362.337 324,360.5C 330.034,363.262 329.868,365.262 323.5,366.5 Z"/></g>
<g><path style="opacity:0.996" fill="#dcdddc" d="M 358.5,359.5 C 359.75,362.006 360.416,364.673 360.5,367.5C 359.722,370.61 357.722,372.276 354.5,372.5C 347.897,371.647 345.73,367.98 348,361.5C 350.909,357.357 354.409,356.69 358.5,359.5 Z M 352.5,363.5 C 353.5,363.5 354.5,363.5 355.5,363.5C 355.5,364.5 355.5,365.5 355.5,366.5C 354.5,366.5 353.5,366.5 352.5,366.5C 352.5,365.5 352.5,364.5 352.5,363.5 Z"/></g>
<g><path style="opacity:0.889" fill="#9ea09f" d="M 144.5,350.5 C 144.174,354.884 144.508,359.217 145.5,363.5C 146.086,363.291 146.586,362.957 147,362.5C 147.179,358.975 147.679,355.641 148.5,352.5C 148.666,356.846 148.499,361.179 148,365.5C 146.951,366.517 145.784,366.684 144.5,366C 143.176,360.734 143.176,355.567 144.5,350.5 Z"/></g>
<g><path style="opacity:0.708" fill="#7b7e7c" d="M 310.5,366.5 C 308.194,368.014 306.861,367.348 306.5,364.5C 308.009,359.874 310.009,359.54 312.5,363.5C 311.807,364.518 311.141,365.518 310.5,366.5 Z"/></g>
<g><path style="opacity:0.663" fill="#b8bbbb" d="M 232.5,362.5 C 232.5,362.833 232.5,363.167 232.5,363.5C 230.228,364.797 229.395,366.797 230,369.5C 230.757,367.685 231.59,366.019 232.5,364.5C 232.5,365.5 232.5,366.5 232.5,367.5C 233.552,367.351 234.552,367.517 235.5,368C 234.299,368.903 233.465,370.069 233,371.5C 232.586,371.043 232.086,370.709 231.5,370.5C 230.15,371.95 228.484,372.617 226.5,372.5C 226.5,371.833 226.167,371.5 225.5,371.5C 225.692,368.399 226.358,365.399 227.5,362.5C 225.257,361.526 222.924,361.192 220.5,361.5C 220.806,364.385 220.473,367.052 219.5,369.5C 219.84,366.856 219.173,364.523 217.5,362.5C 217.833,362.167 218.167,361.833 218.5,361.5C 223.348,359.993 228.015,360.326 232.5,362.5 Z"/></g>
<g><path style="opacity:0.027" fill="#606060" d="M 358.5,359.5 C 361.34,361.715 362.007,364.382 360.5,367.5C 360.416,364.673 359.75,362.006 358.5,359.5 Z"/></g>
<g><path style="opacity:0.31" fill="#737677" d="M 197.5,369.5 C 195.952,368.266 195.285,368.266 195.5,369.5C 195.179,371.048 194.179,371.715 192.5,371.5C 192.5,372.833 192.5,374.167 192.5,375.5C 190.896,374.713 190.229,373.38 190.5,371.5C 189.167,371.5 187.833,371.5 186.5,371.5C 186.5,372.833 186.5,374.167 186.5,375.5C 185.566,374.432 185.232,373.099 185.5,371.5C 184.5,371.5 183.5,371.5 182.5,371.5C 182.078,368.944 181.745,368.277 181.5,369.5C 179.804,373.022 179.138,372.356 179.5,367.5C 185.868,367.17 192.202,367.504 198.5,368.5C 198.376,369.107 198.043,369.44 197.5,369.5 Z M 190.5,371.5 C 191.627,370.878 192.627,370.045 193.5,369C 190.036,368.183 186.702,368.517 183.5,370C 186.036,370.186 188.369,370.686 190.5,371.5 Z"/></g>
<g><path style="opacity:0.881" fill="#aeafaf" d="M 232.5,361.5 C 235.962,360.518 239.629,360.185 243.5,360.5C 243.666,364.846 243.499,369.179 243,373.5C 242.768,374.737 242.268,375.737 241.5,376.5C 241.773,374.549 241.107,373.049 239.5,372C 241.968,368.967 242.968,365.467 242.5,361.5C 239.167,361.5 235.833,361.5 232.5,361.5 Z"/></g>
<g><path style="opacity:0.419" fill="#909292" d="M 340.5,356.5 C 341.458,356.953 342.292,357.619 343,358.5C 343.483,357.552 343.649,356.552 343.5,355.5C 344.124,355.917 344.457,356.584 344.5,357.5C 343.688,359.623 343.022,361.79 342.5,364C 343.554,369.806 343.72,375.639 343,381.5C 341.644,382.38 340.144,382.714 338.5,382.5C 339.047,375.26 338.38,368.26 336.5,361.5C 338.484,361.617 340.15,360.95 341.5,359.5C 340.726,358.289 339.893,358.289 339,359.5C 338.167,358.667 337.333,357.833 336.5,357C 337.675,353.937 339.009,353.77 340.5,356.5 Z"/></g>
<g><path style="opacity:0.584" fill="#717675" d="M 155.5,368.5 C 156.5,368.5 157.5,368.5 158.5,368.5C 158.884,370.665 158.217,372.332 156.5,373.5C 154.296,372.218 153.962,370.551 155.5,368.5 Z"/></g>
<g><path style="opacity:0.622" fill="#b9b9b9" d="M 290.5,367.5 C 292.5,367.5 294.5,367.5 296.5,367.5C 296.785,369.288 296.452,370.955 295.5,372.5C 293.37,372.475 291.37,371.975 289.5,371C 290.337,369.989 290.67,368.822 290.5,367.5 Z"/></g>
<g><path style="opacity:0.604" fill="#afb2b3" d="M 303.5,366.5 C 305.293,366.884 306.293,368.05 306.5,370C 305.852,371.44 305.519,372.94 305.5,374.5C 304.167,374.5 302.833,374.5 301.5,374.5C 301.56,371.659 302.226,368.993 303.5,366.5 Z"/></g>
<g><path style="opacity:0.139" fill="#535555" d="M 219.5,371.5 C 221.5,371.5 223.5,371.5 225.5,371.5C 226.167,371.5 226.5,371.833 226.5,372.5C 226.158,373.338 225.492,373.672 224.5,373.5C 222.833,372.833 221.167,372.167 219.5,371.5 Z"/></g>
<g><path style="opacity:0.319" fill="#808180" d="M 284.5,367.5 C 284.832,380.184 284.499,392.851 283.5,405.5C 280.943,406.534 279.609,405.534 279.5,402.5C 280.467,403.806 281.801,404.473 283.5,404.5C 283.171,391.989 283.505,379.655 284.5,367.5 Z"/></g>
<g><path style="opacity:0.8" fill="#858687" d="M 327.5,378.5 C 327.167,378.5 326.833,378.5 326.5,378.5C 326.663,376.143 326.497,373.81 326,371.5C 324.519,370.529 323.685,369.196 323.5,367.5C 326.051,368.949 328.385,368.615 330.5,366.5C 331.406,368.386 332.406,370.22 333.5,372C 331.807,374.952 329.974,375.118 328,372.5C 327.505,374.473 327.338,376.473 327.5,378.5 Z"/></g>
<g><path style="opacity:0.789" fill="#d4d8d8" d="M 252.5,369.5 C 259.737,370.199 261.404,373.699 257.5,380C 249.925,381.921 247.425,379.088 250,371.5C 250.995,370.934 251.828,370.267 252.5,369.5 Z"/></g>
<g><path style="opacity:0.944" fill="#e9eceb" d="M 170.5,374.5 C 169.523,376.821 168.523,379.154 167.5,381.5C 166.041,381.567 164.708,381.234 163.5,380.5C 163.179,378.952 162.179,378.285 160.5,378.5C 160.508,374.82 162.175,372.153 165.5,370.5C 166.647,370.818 167.481,371.484 168,372.5C 169.625,371.588 170.459,372.255 170.5,374.5 Z"/></g>
<g><path style="opacity:0.137" fill="#666e6e" d="M 170.5,374.5 C 171.538,377.451 170.538,379.785 167.5,381.5C 168.523,379.154 169.523,376.821 170.5,374.5 Z"/></g>
<g><path style="opacity:0.992" fill="#bebfc0" d="M 316.5,364.5 C 318.746,365.455 321.079,366.122 323.5,366.5C 323.5,366.833 323.5,367.167 323.5,367.5C 320.934,367.656 318.434,367.322 316,366.5C 313.723,367.64 313.39,368.973 315,370.5C 316.292,369.209 317.458,369.209 318.5,370.5C 312.707,371.422 311.373,374.255 314.5,379C 316.134,379.494 317.801,379.66 319.5,379.5C 318.152,380.186 316.985,381.186 316,382.5C 313.944,380.681 311.777,380.015 309.5,380.5C 310.193,381.518 310.859,382.518 311.5,383.5C 310.833,383.5 310.167,383.5 309.5,383.5C 308.466,380.868 307.466,378.201 306.5,375.5C 307.461,372.265 308.794,369.265 310.5,366.5C 312.786,366.405 314.786,365.738 316.5,364.5 Z"/></g>
<g><path style="opacity:0.55" fill="#a1a5a4" d="M 303.5,375.5 C 305.821,377.09 306.821,379.423 306.5,382.5C 305.167,382.5 303.833,382.5 302.5,382.5C 302.481,380.94 302.148,379.44 301.5,378C 302.056,376.989 302.722,376.156 303.5,375.5 Z"/></g>
<g><path style="opacity:0.027" fill="#5c6161" d="M 195.5,374.5 C 195.833,374.5 196.167,374.5 196.5,374.5C 196.586,375.496 196.252,376.329 195.5,377C 197.939,377.533 198.605,378.7 197.5,380.5C 196.833,380.5 196.5,380.833 196.5,381.5C 196.167,381.5 195.833,381.5 195.5,381.5C 195.64,379.876 194.973,378.71 193.5,378C 193.833,377.667 194.167,377.333 194.5,377C 193.584,376.722 192.918,376.222 192.5,375.5C 193.791,375.737 194.791,375.404 195.5,374.5 Z"/></g>
<g><path style="opacity:0.957" fill="#bdbebe" d="M 290.5,376.5 C 293.604,375.971 295.937,376.971 297.5,379.5C 295.257,380.474 292.924,380.808 290.5,380.5C 290.5,379.167 290.5,377.833 290.5,376.5 Z"/></g>
<g><path style="opacity:0.862" fill="#e3e3e3" d="M 284.5,367.5 C 283.505,379.655 283.171,391.989 283.5,404.5C 281.801,404.473 280.467,403.806 279.5,402.5C 279.056,389.093 279.556,375.76 281,362.5C 285.44,356.057 291.107,351.057 298,347.5C 299.732,347.734 300.566,348.734 300.5,350.5C 296.569,353.589 292.736,356.922 289,360.5C 287.212,362.76 285.712,365.093 284.5,367.5 Z"/></g>
<g><path style="opacity:0.871" fill="#6f7072" d="M 327.5,378.5 C 329.114,376.925 331.114,376.259 333.5,376.5C 333.327,379.179 332.327,381.513 330.5,383.5C 328.227,382.625 327.227,380.958 327.5,378.5 Z"/></g>
<g><path style="opacity:0.024" fill="#6b6f6f" d="M 182.5,383.5 C 181.542,383.047 180.708,382.381 180,381.5C 179.333,378.833 179.333,376.167 180,373.5C 181.352,376.72 182.186,380.053 182.5,383.5 Z"/></g>
<g><path style="opacity:0.039" fill="#535b5b" d="M 190.5,377.5 C 190.833,377.5 191.167,377.5 191.5,377.5C 191.328,378.492 191.662,379.158 192.5,379.5C 192.719,380.675 192.386,381.675 191.5,382.5C 190.548,380.955 190.215,379.288 190.5,377.5 Z"/></g>
<g><path style="opacity:0.89" fill="#eaebeb" d="M 323.5,367.5 C 323.685,369.196 324.519,370.529 326,371.5C 326.497,373.81 326.663,376.143 326.5,378.5C 326.443,379.609 326.11,380.609 325.5,381.5C 324.508,381.328 323.842,381.662 323.5,382.5C 322.713,384.104 321.38,384.771 319.5,384.5C 316.833,384.167 314.167,383.833 311.5,383.5C 310.859,382.518 310.193,381.518 309.5,380.5C 311.777,380.015 313.944,380.681 316,382.5C 316.985,381.186 318.152,380.186 319.5,379.5C 322.412,376.077 322.079,373.077 318.5,370.5C 317.458,369.209 316.292,369.209 315,370.5C 313.39,368.973 313.723,367.64 316,366.5C 318.434,367.322 320.934,367.656 323.5,367.5 Z"/></g>
<g><path style="opacity:0.004" fill="#242624" d="M 163.5,380.5 C 164.708,381.234 166.041,381.567 167.5,381.5C 167.083,382.124 166.416,382.457 165.5,382.5C 164.287,382.253 163.62,381.586 163.5,380.5 Z"/></g>
<g><path style="opacity:0.68" fill="#787978" d="M 208.5,379.5 C 214.555,378.942 215.888,381.109 212.5,386C 209.678,386.699 208.012,385.532 207.5,382.5C 208.127,381.583 208.461,380.583 208.5,379.5 Z"/></g>
<g><path style="opacity:0.224" fill="#606361" d="M 311.5,384.5 C 311.5,384.167 311.5,383.833 311.5,383.5C 314.167,383.833 316.833,384.167 319.5,384.5C 316.974,385.657 314.307,385.657 311.5,384.5 Z"/></g>
<g><path style="opacity:0.09" fill="#4e5658" d="M 186.5,375.5 C 186.833,375.5 187.167,375.5 187.5,375.5C 187.577,376.75 188.244,377.583 189.5,378C 187.657,378.159 186.991,378.659 187.5,379.5C 187.5,379.833 187.5,380.167 187.5,380.5C 186.596,381.209 186.263,382.209 186.5,383.5C 187.873,383.343 189.207,383.51 190.5,384C 189.833,384.333 189.167,384.667 188.5,385C 192.101,385.352 195.434,385.519 198.5,385.5C 193.014,386.815 187.68,386.815 182.5,385.5C 187.833,385.167 187.833,384.833 182.5,384.5C 182.5,384.167 182.5,383.833 182.5,383.5C 183.5,383.5 184.5,383.5 185.5,383.5C 185.859,381.234 185.192,379.401 183.5,378C 185.119,377.764 186.119,376.931 186.5,375.5 Z"/></g>
<g><path style="opacity:0.871" fill="#6c7071" d="M 323.5,382.5 C 323.842,381.662 324.508,381.328 325.5,381.5C 326.445,382.993 327.445,384.493 328.5,386C 326.371,390.289 324.037,390.456 321.5,386.5C 322.242,385.713 323.075,385.047 324,384.5C 324.692,383.563 324.525,382.897 323.5,382.5 Z"/></g>
<g><path style="opacity:0.808" fill="#7b807e" d="M 309.5,383.5 C 309.842,384.338 310.508,384.672 311.5,384.5C 312.86,387.618 311.86,389.118 308.5,389C 304.564,386.657 304.898,384.823 309.5,383.5 Z"/></g>
<g><path style="opacity:0.957" fill="#d8d9d8" d="M 223.5,387.5 C 225.28,388.99 225.946,390.99 225.5,393.5C 210.203,394.244 209.536,392.244 223.5,387.5 Z"/></g>
<g><path style="opacity:0.918" fill="#707372" d="M 314.5,386.5 C 318.938,385.425 320.938,387.092 320.5,391.5C 318.5,391.5 316.5,391.5 314.5,391.5C 314.5,389.833 314.5,388.167 314.5,386.5 Z"/></g>
<g><path style="opacity:0.82" fill="#bdc1c0" d="M 236.5,387.5 C 244.132,388.358 251.799,388.691 259.5,388.5C 259.714,390.144 259.38,391.644 258.5,393C 250.479,393.832 242.479,393.665 234.5,392.5C 233.693,390.422 234.359,388.755 236.5,387.5 Z"/></g>
<g><path style="opacity:0.999" fill="#c7c7c7" d="M 294.5,389.5 C 302.947,393.174 303.447,397.507 296,402.5C 293.049,401.646 291.216,399.646 290.5,396.5C 291.823,394.173 293.157,391.84 294.5,389.5 Z"/></g>
<g><path style="opacity:0.901" fill="#d1d1d1" d="M 225.5,402.5 C 220.156,402.666 214.823,402.499 209.5,402C 209.833,401.667 210.167,401.333 210.5,401C 209.584,400.722 208.918,400.222 208.5,399.5C 213.975,398.511 219.642,398.178 225.5,398.5C 225.5,399.833 225.5,401.167 225.5,402.5 Z"/></g>
<g><path style="opacity:0.016" fill="#686d6b" d="M 309.5,394.5 C 310.496,394.414 311.329,394.748 312,395.5C 312.494,397.134 312.66,398.801 312.5,400.5C 308.556,400.116 307.556,398.116 309.5,394.5 Z"/></g>
<g><path style="opacity:0.906" fill="#abafaf" d="M 234.5,398.5 C 242.507,398.334 250.507,398.5 258.5,399C 259.38,400.356 259.714,401.856 259.5,403.5C 251.501,404.103 243.501,404.27 235.5,404C 234.594,402.301 234.261,400.467 234.5,398.5 Z"/></g>
<g><path style="opacity:0.508" fill="#a7a7a7" d="M 208.5,399.5 C 208.918,400.222 209.584,400.722 210.5,401C 210.167,401.333 209.833,401.667 209.5,402C 214.823,402.499 220.156,402.666 225.5,402.5C 219.766,403.186 213.933,403.852 208,404.5C 205.861,402.415 206.028,400.749 208.5,399.5 Z"/></g>
<g><path style="opacity:0.969" fill="#e3e3e3" d="M 242.5,415.5 C 244.652,417.684 244.652,419.684 242.5,421.5C 238.217,422.492 233.884,422.826 229.5,422.5C 182.893,415.043 144.726,393.043 115,356.5C 100.043,336.25 89.0426,313.917 82,289.5C 81.2114,285.909 81.3781,282.409 82.5,279C 84.7695,278.242 86.9361,278.409 89,279.5C 104.053,341.227 141.22,383.727 200.5,407C 207.486,408.868 214.486,410.868 221.5,413C 228.492,414 235.492,414.833 242.5,415.5 Z"/></g>
<g><path style="opacity:0.855" fill="#d4d4d4" d="M 267.5,415.5 C 269.833,415.5 272.167,415.5 274.5,415.5C 274.5,418.167 274.5,420.833 274.5,423.5C 271.68,423.752 269.014,423.252 266.5,422C 266.488,420.025 266.822,417.858 267.5,415.5 Z"/></g>
<g><path style="opacity:0.784" fill="#aeaeae" d="M 242.5,415.5 C 243.75,415.577 244.583,416.244 245,417.5C 245.743,419.441 245.576,421.274 244.5,423C 239.316,423.816 234.316,423.65 229.5,422.5C 233.884,422.826 238.217,422.492 242.5,421.5C 244.652,419.684 244.652,417.684 242.5,415.5 Z"/></g>
</svg>
